AC  HLH-11
XX
ID  HLH-11
XX
DE  whygATCAGCTGatsk
PO       A     C     G     T
1    32.0113 15.1825 18.0285 34.7777
2    25.1461 31.2271 12.5718 31.055
3    22.556 27.9987 19.2367 30.2086
4    24.6181 14.2786 40.7488 20.3545
5    73.1507 7.90027 16.2172 2.73185
6    20.0722 7.4356 1.6553 70.8369
7    2.30771 94.7004 1.38997 1.60196
8    94.9409 1.45086 1.5576 2.0506
9    1.06671 4.6078 90.3628 3.96264
10   4.91344 88.0718 5.09206 1.9227
11   2.34501 6.51438 1.31062 89.83
12   1.50712 1.23837 93.0372 4.21736
13   60.9245 2.28589 12.4173 24.3723
14   14.445 20.8563 20.384 44.3147
15   18.5776 41.7208 26.3078 13.3939
16   21.3687 16.4465 34.0959 28.089
XX
CC  program: uniprobe
CC  matrix.nb: 1
CC  consensus.strict: tctgATCAGCTGatcg
CC  consensus.strict.rc: CGATCAGCTGATCAGA
CC  consensus.IUPAC: whygATCAGCTGatsk
CC  consensus.IUPAC.rc: MSATCAGCTGATCRDW
CC  consensus.regexp: [at][act][ct]gATCAGCTGat[cg][gt]
CC  consensus.regexp.rc: [AC][CG]ATCAGCTGATC[AG][AGT][AT]
XX
//
AC  HLH-10
XX
ID  HLH-10
XX
DE  wAyyAwATwTrgmm
PO       A     C     G     T
1    30.0123 16.3523 10.7027 42.9326
2    72.4021 3.6088 17.3191  6.67
3    9.93035 35.1477 12.4095 42.5124
4    14.7129 44.5693 4.34825 36.3695
5    70.5356 9.72703 7.75281 11.9846
6    36.7393 3.84964 7.06843 52.3426
7    69.192 7.52999 16.7111 6.56693
8    6.56693 16.7111 7.52999 69.192
9    52.3426 7.06843 3.84964 36.7393
10   11.9846 7.75281 9.72703 70.5356
11   36.3695 4.34825 44.5693 14.7129
12   15.8497 18.492 43.2546 22.4036
13   34.9326 29.6291 23.3945 12.0438
14   30.9455 41.2778 22.6186 5.15811
XX
CC  program: uniprobe
CC  matrix.nb: 2
CC  consensus.strict: tAtcAtATaTggac
CC  consensus.strict.rc: GTCCATATATGATA
CC  consensus.IUPAC: wAyyAwATwTrgmm
CC  consensus.IUPAC.rc: KKCYAWATWTRRTW
CC  consensus.regexp: [at]A[ct][ct]A[at]AT[at]T[ag]g[ac][ac]
CC  consensus.regexp.rc: [GT][GT]C[CT]A[AT]AT[AT]T[AG][AG]T[AT]
XX
//
AC  CND-1
XX
ID  CND-1
XX
DE  wkdraaaaraactm
PO       A     C     G     T
1    25.3256 17.9133 21.9311 34.83
2    20.7915 12.8664 35.2537 31.0884
3    25.6228 7.87425 33.0775 33.4254
4    39.9643 7.19742 34.3056 18.5327
5    56.1959 13.988 15.7086 14.1075
6    58.4774 12.9298 7.89511 20.6977
7    56.2854 12.3988 18.2799 13.0359
8    61.5392 6.9494 16.0052 15.5062
9    44.7424 7.10392 33.5293 14.6243
10   45.0856 15.8136 21.0347 18.066
11   45.2109 23.8859 7.2614 23.6418
12   16.9518 33.9275 24.7597 24.361
13   21.8401 16.5745 14.7663 46.8191
14   40.6487 28.8561 21.4714 9.02382
XX
CC  program: uniprobe
CC  matrix.nb: 3
CC  consensus.strict: tgtaaaaaaaacta
CC  consensus.strict.rc: TAGTTTTTTTTACA
CC  consensus.IUPAC: wkdraaaaraactm
CC  consensus.IUPAC.rc: KAGTTYTTTTYHMW
CC  consensus.regexp: [at][gt][agt][ag]aaaa[ag]aact[ac]
CC  consensus.regexp.rc: [GT]AGTT[CT]TTTT[CT][ACT][AC][AT]
XX
//
AC  HLH-2_HLH-3
XX
ID  HLH-2_HLH-3
XX
DE  mrtrmCACCTGCtaayy
PO       A     C     G     T
1    32.8912 28.4314 23.4756 15.2018
2    32.2363 13.4592 36.4663 17.8382
3    17.9232 18.62 24.4275 39.0294
4    49.9255 6.31641 29.5637 14.1944
5    44.5332 41.927 12.6505 0.889314
6    0.498149 98.8301 0.260019 0.411698
7    98.9841 0.163537 0.427705 0.424639
8    0.0802909 84.7644 2.92506 12.2302
9    0.455056 98.8773 0.320837 0.346841
10   0.731982 0.274375 0.204337 98.7893
11   0.555605 0.180245 98.8147 0.449414
12   0.230982 84.688 3.41747 11.6636
13   5.94329 24.3781 7.79172 61.8869
14   35.4397 22.8136 19.7031 22.0436
15   42.1381 21.7457 21.7604 14.3559
16   21.6939 25.7755 12.5437 39.9868
17   22.7424 33.0352 14.7042 29.5183
XX
CC  program: uniprobe
CC  matrix.nb: 4
CC  consensus.strict: agtaaCACCTGCtaatc
CC  consensus.strict.rc: GATTAGCAGGTGTTACT
CC  consensus.IUPAC: mrtrmCACCTGCtaayy
CC  consensus.IUPAC.rc: RRTTAGCAGGTGKYAYK
CC  consensus.regexp: [ac][ag]t[ag][ac]CACCTGCtaa[ct][ct]
CC  consensus.regexp.rc: [AG][AG]TTAGCAGGTG[GT][CT]A[CT][GT]
XX
//
AC  HLH-15
XX
ID  HLH-15
XX
DE  agwaaaawrwhdwr
PO       A     C     G     T
1    59.9683 12.8748 17.8906 9.26637
2    15.1308 7.12367 63.6376 14.108
3    46.9576 12.229 10.7615 30.0519
4    44.2845 11.1586 20.9302 23.6268
5    61.671 8.64658 10.074 19.6084
6    56.221 16.2488 18.4035 9.12674
7    44.8912 20.2659 18.741 16.1019
8    44.4224 6.08063 16.9867 32.5103
9    44.884 8.25486 26.6503 20.2109
10   38.8391 15.0553 14.2121 31.8936
11   40.4158 25.9068 7.8026 25.8748
12   25.5776 17.4844 29.2398 27.6981
13   30.407 7.99364 14.824 46.7754
14   34.8134 15.0887 29.7639 20.3341
XX
CC  program: uniprobe
CC  matrix.nb: 5
CC  consensus.strict: agaaaaaaaaagta
CC  consensus.strict.rc: TACTTTTTTTTTCT
CC  consensus.IUPAC: agwaaaawrwhdwr
CC  consensus.IUPAC.rc: YWHDWYWTTTTWCT
CC  consensus.regexp: ag[at]aaaa[at][ag][at][act][agt][at][ag]
CC  consensus.regexp.rc: [CT][AT][ACT][AGT][AT][CT][AT]TTTT[AT]CT
XX
//
AC  HLH-2_CND-1
XX
ID  HLH-2_CND-1
XX
DE  mskaACAkCTGTcyaa
PO       A     C     G     T
1    33.6215 32.48 12.8317 21.0668
2    16.8771 26.6419 38.1372 18.3438
3    23.6171 12.7211 34.5694 29.0924
4    66.3829 18.8211 7.08603 7.7099
5    72.8365 18.6417 5.02034 3.50142
6    6.26151 87.5688 2.24374 3.92591
7    94.5423 1.45664 1.01737 2.9837
8    1.95291 3.71876 60.1797 34.1487
9    19.97 75.6102 2.81164 1.60812
10   4.16447 0.747638 1.23641 93.8515
11   3.20083 1.69411 90.3461 4.75899
12   2.01889 9.26625 11.5574 77.1575
13   7.2179 49.9081 18.2807 24.5934
14   22.3566 29.9891 11.0108 36.6435
15   36.7261 21.097 18.0533 24.1236
16   40.1191 16.9087 19.0535 23.9188
XX
CC  program: uniprobe
CC  matrix.nb: 6
CC  consensus.strict: aggaACAgCTGTctaa
CC  consensus.strict.rc: TTAGACAGCTGTTCCT
CC  consensus.IUPAC: mskaACAkCTGTcyaa
CC  consensus.IUPAC.rc: TTRGACAGMTGTTMSK
CC  consensus.regexp: [ac][cg][gt]aACA[gt]CTGTc[ct]aa
CC  consensus.regexp.rc: TT[AG]GACAG[AC]TGTT[AC][CG][GT]
XX
//
AC  HLH-14
XX
ID  HLH-14
XX
DE  cwhaaaawawwwAa
PO       A     C     G     T
1    16.6375 55.7379 8.53759 19.087
2    32.4776 8.64802 19.3595 39.5148
3    27.3534 31.9441 8.96991 31.7325
4    51.5767 13.0383 11.4907 23.8943
5    65.1533 12.2748 10.0246 12.5473
6    58.9649 17.3724 5.54638 18.1163
7    56.3068 16.6774 4.34114 22.6747
8    58.6975 9.53122 5.2588 26.5125
9    55.4988 10.8595 9.51974 24.122
10   46.7873 10.497 5.94712 36.7686
11   54.7947 13.0776 5.96229 26.1654
12   54.7947 13.0776 5.96229 26.1654
13   77.1955 6.45831 5.48927 10.857
14   56.0654 5.70163 19.518 18.715
XX
CC  program: uniprobe
CC  matrix.nb: 7
CC  consensus.strict: ctcaaaaaaaaaAa
CC  consensus.strict.rc: TTTTTTTTTTTGAG
CC  consensus.IUPAC: cwhaaaawawwwAa
CC  consensus.IUPAC.rc: TTWWWTWTTTTDWG
CC  consensus.regexp: c[at][act]aaaa[at]a[at][at][at]Aa
CC  consensus.regexp.rc: TT[AT][AT][AT]T[AT]TTTT[AGT][AT]G
XX
//
AC  HLH-27
XX
ID  HLH-27
XX
DE  rkrCgCGTGTCCcwd
PO       A     C     G     T
1    43.3805 14.2914 25.6821 16.646
2    13.8681 17.1807 30.3109 38.6404
3    33.938 9.2444 51.9441 4.87345
4    1.85756 94.7252 1.83297 1.58427
5    23.765 5.37842 65.018 5.83856
6    0.578592 91.8687 0.150258 7.40243
7    16.0687 0.463846 83.2971 0.170365
8    0.690853 0.912846 0.168739 98.2276
9    0.52634 0.29111 98.6015 0.581036
10   0.519315 0.409874 5.99268 93.0781
11   0.811612 94.4366 0.358874 4.3929
12   0.956687 86.7089 1.35421 10.9802
13   7.17105 61.0253 12.521 19.2827
14   39.3635 19.1372 14.6895 26.8097
15   26.1146 17.4628 28.5996 27.8231
XX
CC  program: uniprobe
CC  matrix.nb: 8
CC  consensus.strict: atgCgCGTGTCCcag
CC  consensus.strict.rc: CTGGGACACGCGCAT
CC  consensus.IUPAC: rkrCgCGTGTCCcwd
CC  consensus.IUPAC.rc: HWGGGACACGCGYMY
CC  consensus.regexp: [ag][gt][ag]CgCGTGTCCc[at][agt]
CC  consensus.regexp.rc: [ACT][AT]GGGACACGCG[CT][AC][CT]
XX
//
AC  HLH-30
XX
ID  HLH-30
XX
DE  wgwaTCACGTGAywawy
PO       A     C     G     T
1    38.658 18.1489 16.7193 26.4739
2    21.8738 24.722 30.9211 22.4831
3    36.3334 11.3035 20.9685 31.3946
4    61.8072 4.04781 23.6063 10.5386
5    5.5463 6.30359 4.85648 83.2936
6    0.988339 96.7145 0.732083 1.56508
7    94.5718 1.46713 1.21669 2.74434
8    0.575619 85.2243 0.922475 13.2776
9    13.2776 0.922475 85.2243 0.575619
10   2.74434 1.21669 1.46713 94.5718
11   1.56508 0.732083 96.7145 0.988339
12   83.2936 4.85648 6.30359 5.5463
13   0.887774 63.3458 0.986954 34.7795
14   36.4085 21.9829 14.8386 26.7701
15   38.9874 19.0551 18.0819 23.8756
16   28.1573 10.1491 22.1664 39.5272
17   21.3504 25.2019 24.0878 29.3599
XX
CC  program: uniprobe
CC  matrix.nb: 9
CC  consensus.strict: agaaTCACGTGAcaatt
CC  consensus.strict.rc: AATTGTCACGTGATTCT
CC  consensus.IUPAC: wgwaTCACGTGAywawy
CC  consensus.IUPAC.rc: RWTWRTCACGTGATWCW
CC  consensus.regexp: [at]g[at]aTCACGTGA[ct][at]a[at][ct]
CC  consensus.regexp.rc: [AG][AT]T[AT][AG]TCACGTGAT[AT]C[AT]
XX
//
AC  HLH-2_LIN-32
XX
ID  HLH-2_LIN-32
XX
DE  hmgamCAgcTGkyctc
PO       A     C     G     T
1    28.2706 28.0333 17.4833 26.2129
2    39.7658 29.6633 18.3227 12.2482
3    24.6688 15.8689 35.7921 23.6702
4    47.2996 23.3658 22.0877 7.24685
5    64.8726 28.3207 6.55204 0.254681
6    1.14457 98.0026 0.336322 0.516461
7    97.2504 0.327268 1.63246 0.789863
8    0.232712 16.7811 63.2436 19.7426
9    19.7426 63.2436 16.7811 0.232712
10   0.789863 1.63246 0.327268 97.2504
11   0.516461 0.336322 98.0026 1.14457
12   0.254681 6.55204 28.3207 64.8726
13   5.14779 38.0055 7.96065 48.886
14   24.7093 35.0921 17.8351 22.3636
15   22.7229 24.0251 15.8368 37.4152
16   21.7167 33.7818 24.919 19.5825
XX
CC  program: uniprobe
CC  matrix.nb: 10
CC  consensus.strict: aagaaCAgcTGttctc
CC  consensus.strict.rc: GAGAACAGCTGTTCTT
CC  consensus.IUPAC: hmgamCAgcTGkyctc
CC  consensus.IUPAC.rc: GAGRMCAGCTGKTCKD
CC  consensus.regexp: [act][ac]ga[ac]CAgcTG[gt][ct]ctc
CC  consensus.regexp.rc: GAG[AG][AC]CAGCTG[GT]TC[GT][AGT]
XX
//
AC  MXL-3
XX
ID  MXL-3
XX
DE  yrdamCACGTGktymr
PO       A     C     G     T
1    17.6819 32.1858 19.925 30.2073
2    28.6851 19.7546 29.2896 22.2706
3    25.9881 14.2257 30.3215 29.4647
4    67.2337 8.65957 16.9506 7.15614
5    27.7754 60.5252 9.69932 2.00011
6    3.50501 95.9691 0.2571 0.268776
7    97.1822 0.190933 1.14496 1.48196
8    0.154747 95.1922 0.302071 4.35099
9    4.35099 0.302071 95.1922 0.154747
10   1.48196 1.14496 0.190933 97.1822
11   0.268776 0.2571 95.9691 3.50501
12   2.00011 9.69932 60.5252 27.7754
13   13.7209 22.0287 9.30173 54.9487
14   13.9386 38.8723 14.9723 32.2168
15   25.9469 27.7234 21.7393 24.5905
16   31.7159 10.5493 36.1861 21.5487
XX
CC  program: uniprobe
CC  matrix.nb: 11
CC  consensus.strict: cggacCACGTGgtccg
CC  consensus.strict.rc: CGGACCACGTGGTCCG
CC  consensus.IUPAC: yrdamCACGTGktymr
CC  consensus.IUPAC.rc: YKRAMCACGTGKTHYR
CC  consensus.regexp: [ct][ag][agt]a[ac]CACGTG[gt]t[ct][ac][ag]
CC  consensus.regexp.rc: [CT][GT][AG]A[AC]CACGTG[GT]T[ACT][CT][AG]
XX
//
AC  HLH-29
XX
ID  HLH-29
XX
DE  cwrhyACGCrTGkyhwa
PO       A     C     G     T
1    22.6682 29.1053 23.8302 24.3963
2    28.8165 15.7924 18.6266 36.7646
3    33.2104 10.7683 38.2008 17.8205
4    26.2014 31.5189 10.4618 31.818
5    5.52975 54.1157 13.2592 27.0954
6    82.1255 0.566688 15.6885 1.61938
7    2.0147 92.9689 0.325664 4.69074
8    3.20086 0.686641 95.3408 0.771749
9    0.778012 85.2109 0.293738 13.7173
10   46.621 0.294988 52.6248 0.459207
11   1.1545 1.00749 0.598894 97.2391
12   3.46476 1.09303 93.5912 1.85102
13   2.36206 1.87002 49.1599 46.608
14   5.83556 47.5977 4.87006 41.6967
15   30.2753 32.0906 11.082 26.552
16   30.5612 23.7327 17.2552 28.4509
17   41.3511 10.7866 23.8933 23.9691
XX
CC  program: uniprobe
CC  matrix.nb: 12
CC  consensus.strict: ctgtcACGCgTGgccaa
CC  consensus.strict.rc: TTGGCCACGCGTGACAG
CC  consensus.IUPAC: cwrhyACGCrTGkyhwa
CC  consensus.IUPAC.rc: TWDRMCAYGCGTRDYWG
CC  consensus.regexp: c[at][ag][act][ct]ACGC[ag]TG[gt][ct][act][at]a
CC  consensus.regexp.rc: T[AT][AGT][AG][AC]CA[CT]GCGT[AG][AGT][CT][AT]G
XX
//
AC  HLH-4
XX
ID  HLH-4
XX
DE  mawwaawaAaadgw
PO       A     C     G     T
1    38.9449 30.8115 8.6327 21.6109
2    39.6189 23.7471 12.5173 24.1167
3    46.7808 10.9059 13.7563 28.557
4    46.7808 10.9059 13.7563 28.557
5    59.5629 13.1967 19.7227 7.51756
6    62.5908 9.27318 7.33107 20.8049
7    58.4869 7.51202 8.74224 25.2589
8    63.949 6.8794 16.8409 12.3307
9    68.4725 14.0616 8.01932 9.44658
10   50.7466 22.5942 16.6949 9.9643
11   49.7569 20.4512 10.8215 18.9703
12   29.5553 9.8947 32.1239 28.4261
13   13.7018 3.89947 57.6601 24.7387
14   34.9149 13.4694 23.5526 28.063
XX
CC  program: uniprobe
CC  matrix.nb: 13
CC  consensus.strict: aaaaaaaaAaagga
CC  consensus.strict.rc: TCCTTTTTTTTTTT
CC  consensus.IUPAC: mawwaawaAaadgw
CC  consensus.IUPAC.rc: WCHTTTTWTTWWTK
CC  consensus.regexp: [ac]a[at][at]aa[at]aAaa[agt]g[at]
CC  consensus.regexp.rc: [AT]C[ACT]TTTT[AT]TT[AT][AT]T[GT]
XX
//
AC  HLH-26
XX
ID  HLH-26
XX
DE  tawgrCACGTGTcywaw
PO       A     C     G     T
1    23.019 23.0057 24.277 29.6983
2    41.5913 14.6129 22.3955 21.4003
3    29.5755 20.4972 19.6811 30.2462
4    18.9851 7.6938 53.1071 20.2141
5    42.1679 1.45706 55.645 0.730093
6    0.971922 95.5789 0.660962 2.78823
7    82.7417 1.11955 11.5205 4.61823
8    0.844884 97.0009 0.925842 1.22837
9    2.85624 0.635797 95.8699 0.638052
10   1.21209 3.3525 0.852509 94.5829
11   0.990612 0.722719 97.1661 1.1206
12   1.66168 19.5593 2.99689 75.7821
13   5.89333 67.0306 3.52065 23.5554
14   24.7244 31.4271 17.9255 25.9231
15   32.7467 18.9669 17.2297 31.0567
16   34.6258 22.8207 21.9169 20.6366
17   30.3398 9.29477 20.5065 39.8589
XX
CC  program: uniprobe
CC  matrix.nb: 14
CC  consensus.strict: tatggCACGTGTccaat
CC  consensus.strict.rc: ATTGGACACGTGCCATA
CC  consensus.IUPAC: tawgrCACGTGTcywaw
CC  consensus.IUPAC.rc: WTWRGACACGTGYCWTA
CC  consensus.regexp: ta[at]g[ag]CACGTGTc[ct][at]a[at]
CC  consensus.regexp.rc: [AT]T[AT][AG]GACACGTG[CT]C[AT]TA
XX
//
AC  HLH-8
XX
ID  HLH-8
XX
DE  wtaaAwaAAacymw
PO       A     C     G     T
1    41.7933 12.9035 18.1965 27.1067
2    19.9042 23.7969 17.1899 39.109
3    40.8697 17.3098 19.8168 22.0036
4    68.2983 8.50278 8.9763 14.2226
5    70.4325 10.5333 8.6166 10.4176
6    25.5537 9.34782 8.75133 56.3471
7    59.6155 16.927 14.2149 9.24256
8    69.6102 12.0138 2.78916 15.5869
9    71.933 11.7433 12.0353 4.28837
10   66.0299 9.62203 6.89117 17.4569
11   10.4499 61.9285 10.3581 17.2636
12   22.45 31.6469 17.6581 28.245
13   38.6169 35.1108 20.798 5.47437
14   28.2488 4.59221 13.0148 54.1442
XX
CC  program: uniprobe
CC  matrix.nb: 15
CC  consensus.strict: ataaAtaAAaccat
CC  consensus.strict.rc: ATGGTTTTATTTAT
CC  consensus.IUPAC: wtaaAwaAAacymw
CC  consensus.IUPAC.rc: WKRGTTTTWTTTAW
CC  consensus.regexp: [at]taaA[at]aAAac[ct][ac][at]
CC  consensus.regexp.rc: [AT][GT][AG]GTTTT[AT]TTTA[AT]
XX
//
AC  HLH-2_HLH-19
XX
ID  HLH-2_HLH-19
XX
DE  kttrmCAksTGkymmm
PO       A     C     G     T
1    21.9638 12.8754 31.6085 33.5523
2    23.9875 23.9478 24.7707 27.294
3    17.4182 10.883 23.9814 47.7174
4    53.5735 12.2859 25.8863 8.25434
5    56.1458 32.0196 8.82546 3.00915
6    3.9249 93.5254 1.09131 1.45842
7    94.5956 1.55781 2.49556 1.351
8    1.72436 9.70548 63.053 25.5171
9    10.6137 51.5983 36.827 0.960977
10   3.61563 2.48012 0.931504 92.9727
11   2.46003 1.07552 92.2887 4.17576
12   2.20832 6.37529 33.9121 57.5042
13   8.17372 38.4728 14.1765 39.1769
14   40.2671 39.6033 7.67738 12.4522
15   25.4923 32.8454 17.5047 24.1576
16   26.8474 25.3793 23.0431 24.7301
XX
CC  program: uniprobe
CC  matrix.nb: 16
CC  consensus.strict: tttaaCAgcTGttaca
CC  consensus.strict.rc: TGTAACAGCTGTTAAA
CC  consensus.IUPAC: kttrmCAksTGkymmm
CC  consensus.IUPAC.rc: KKKRMCASMTGKYAAM
CC  consensus.regexp: [gt]tt[ag][ac]CA[gt][cg]TG[gt][ct][ac][ac][ac]
CC  consensus.regexp.rc: [GT][GT][GT][AG][AC]CA[CG][AC]TG[GT][CT]AA[AC]
XX
//
AC  MXL-1
XX
ID  MXL-1
XX
DE  awwAarAAACAwws
PO       A     C     G     T
1    45.6396 8.67539 22.4619 23.2231
2    46.5206 12.5237 11.846 29.1096
3    35.3256 9.97901 16.9305 37.7649
4    78.1609 3.37942 9.16003 9.29967
5    66.9162 12.9433 10.5183 9.62221
6    25.5886 21.0571 47.2566 6.0977
7    72.2436 4.17296 7.44296 16.1404
8    71.6881 8.2438 8.9908 11.0773
9    71.702 3.46606 14.7538 10.0781
10   12.8883 68.6139 5.55072 12.9471
11   75.4894 11.3266 5.11113 8.07294
12   29.7162 9.10462 13.3422 47.837
13   33.3008 5.66637 15.9409 45.092
14   18.6362 38.0964 26.4042 16.8631
XX
CC  program: uniprobe
CC  matrix.nb: 17
CC  consensus.strict: aatAagAAACAttc
CC  consensus.strict.rc: GAATGTTTCTTATT
CC  consensus.IUPAC: awwAarAAACAwws
CC  consensus.IUPAC.rc: SWWTGTTTYTTWWT
CC  consensus.regexp: a[at][at]Aa[ag]AAACA[at][at][cg]
CC  consensus.regexp.rc: [CG][AT][AT]TGTTT[CT]TT[AT][AT]T
XX
//
AC  HLH-2_HLH-4
XX
ID  HLH-2_HLH-4
XX
DE  arwwyCACCTGYthaty
PO       A     C     G     T
1    44.6402 23.2407 18.1489 13.9702
2    53.4528 8.27842 26.868 11.4008
3    28.4344 9.78106 7.74652 54.038
4    53.8517 0.737697 1.52838 43.8822
5    22.847 29.7862 18.6282 28.7385
6    0.607789 98.807 0.173829 0.411394
7    98.9428 0.198417 0.295159 0.563589
8    0.0802628 92.2847 5.51368 2.12131
9    0.389642 99.0579 0.328042 0.224381
10   0.472206 0.295743 0.212139 99.0199
11   0.306017 0.204205 98.997 0.49278
12   0.219212 69.7962 4.42254 25.562
13   8.03646 17.5353 6.93849 67.4897
14   25.3999 28.0438 19.1291 27.4272
15   36.4993 18.1322 23.9954 21.3731
16   24.8051 23.6915 18.2264 33.2771
17   16.5362 30.6675 21.0361 31.7602
XX
CC  program: uniprobe
CC  matrix.nb: 18
CC  consensus.strict: aatacCACCTGCtcatt
CC  consensus.strict.rc: AATGAGCAGGTGGTATT
CC  consensus.IUPAC: arwwyCACCTGYthaty
CC  consensus.IUPAC.rc: RATDARCAGGTGRWWYT
CC  consensus.regexp: a[ag][at][at][ct]CACCTG[CT]t[act]at[ct]
CC  consensus.regexp.rc: [AG]AT[AGT]A[AG]CAGGTG[AG][AT][AT][CT]T
XX
//
AC  HLH-2_HLH-8
XX
ID  HLH-2_HLH-8
XX
DE  aymaACATmTGGtwkm
PO       A     C     G     T
1    33.1304 21.3177 22.5841 22.9677
2    14.356 30.4687 22.3686 32.8067
3    39.8367 28.7252 17.815 13.623
4    63.6749 16.9728 11.0656 8.28666
5    77.3147 16.3752 4.97513 1.33503
6    2.63178 95.4228 0.599234 1.34623
7    96.6083 1.06902 1.17942 1.14326
8    0.603284 6.29541 5.54714 87.5542
9    35.8772 57.1684 6.62977 0.324563
10   1.92088 1.4121 0.845553 95.8215
11   0.7313 1.5104 95.7144 2.04387
12   1.06592 2.78525 77.8698 18.279
13   13.0273 21.8047 8.40514 56.7628
14   28.759 19.1937 23.6735 28.3738
15   14.5095 18.3517 25.7575 41.3813
16   28.9283 39.2783 13.6151 18.1783
XX
CC  program: uniprobe
CC  matrix.nb: 19
CC  consensus.strict: ataaACATcTGGtatc
CC  consensus.strict.rc: GATACCAGATGTTTAT
CC  consensus.IUPAC: aymaACATmTGGtwkm
CC  consensus.IUPAC.rc: KMWACCAKATGTTKRT
CC  consensus.regexp: a[ct][ac]aACAT[ac]TGGt[at][gt][ac]
CC  consensus.regexp.rc: [GT][AC][AT]ACCA[GT]ATGTT[GT][AG]T
XX
//
AC  HLH-2_HLH-15
XX
ID  HLH-2_HLH-15
XX
DE  rrmsCAsCTGbGccmt
PO       A     C     G     T
1    32.3815 15.7621 35.4167 16.4398
2    25.829 22.0357 33.6144 18.5209
3    46.3152 40.7899 6.08239 6.81247
4    21.2933 38.6309 34.4784 5.59746
5    1.92649 95.4119 0.895415 1.76621
6    94.3097 0.795172 0.891163 4.00392
7    0.427848 38.1816 54.6425 6.74807
8    5.76198 78.9825 13.7692 1.48636
9    1.32806 1.4317 1.11814 96.1221
10   0.979157 1.29701 95.4947 2.22917
11   5.83222 26.4482 42.4278 25.2918
12   9.19298 3.31951 71.6705 15.817
13   13.8306 40.9869 24.0622 21.1203
14   16.7474 55.1463 12.687 15.4193
15   29.8293 50.4934 12.7744 6.9029
16   7.35797 12.1228 19.7036 60.8156
XX
CC  program: uniprobe
CC  matrix.nb: 20
CC  consensus.strict: ggacCAgCTGgGccct
CC  consensus.strict.rc: AGGGCCCAGCTGGTCC
CC  consensus.IUPAC: rrmsCAsCTGbGccmt
CC  consensus.IUPAC.rc: AKGGCVCAGSTGSKYY
CC  consensus.regexp: [ag][ag][ac][cg]CA[cg]CTG[cgt]Gcc[ac]t
CC  consensus.regexp.rc: A[GT]GGC[ACG]CAG[CG]TG[CG][GT][CT][CT]
XX
//
AC  MXL-1_MDL-1
XX
ID  MXL-1_MDL-1
XX
DE  twdasCACGTGskawb
PO       A     C     G     T
1    16.4058 22.5769 15.3311 45.6862
2    30.3548 18.8071 23.0604 27.7778
3    28.1276 11.6493 27.0031 33.22
4    45.6722 12.8681 23.7758 17.6839
5    7.72998 42.7529 42.1997 7.3174
6    0.657503 98.9634 0.209629 0.169439
7    98.2128 0.0945318 0.468998 1.22369
8    0.0767968 96.43 0.114835 3.37839
9    2.21965 0.128338 97.5779 0.0741046
10   0.376707 1.48083 0.0427746 98.0997
11   0.16531 0.10149 98.8785 0.85469
12   10.434 42.8387 41.1672 5.55999
13   11.5969 19.6901 32.3078 36.4052
14   45.0143 18.155 18.9425 17.8881
15   32.9886 19.5694 17.0367 30.4053
16   19.6093 29.1601 25.8441 25.3865
XX
CC  program: uniprobe
CC  matrix.nb: 21
CC  consensus.strict: tatacCACGTGctaac
CC  consensus.strict.rc: GTTAGCACGTGGTATA
CC  consensus.IUPAC: twdasCACGTGskawb
CC  consensus.IUPAC.rc: VWTMSCACGTGSTHWA
CC  consensus.regexp: t[at][agt]a[cg]CACGTG[cg][gt]a[at][cgt]
CC  consensus.regexp.rc: [ACG][AT]T[AC][CG]CACGTG[CG]T[ACT][AT]A
XX
//
AC  HLH-19
XX
ID  HLH-19
XX
DE  ctwwramwwwmmaw
PO       A     C     G     T
1    19.6552 34.0226 22.2253 24.0969
2    16.4091 23.3958 22.0966 38.0986
3    27.2416 12.8404 21.2679 38.6501
4    46.6286 8.8212 17.7778 26.7724
5    44.35 9.10249 29.6212 16.9263
6    50.8701 17.3091 13.3224 18.4984
7    40.1464 27.6691 15.9427 16.2418
8    50.2361 5.74608 14.9599 29.0579
9    53.9367 8.74217 6.16979 31.1514
10   38.152 15.132 15.0017 31.7143
11   40.1095 32.2946 6.4963 21.0996
12   33.9385 37.9599 9.88554 18.2161
13   62.1933 12.0485 8.32824 17.4299
14   34.6917 23.231 5.89596 36.1813
XX
CC  program: uniprobe
CC  matrix.nb: 22
CC  consensus.strict: cttaaaaaaaacat
CC  consensus.strict.rc: ATGTTTTTTTTAAG
CC  consensus.IUPAC: ctwwramwwwmmaw
CC  consensus.IUPAC.rc: WTKKWWWKTYWWAG
CC  consensus.regexp: ct[at][at][ag]a[ac][at][at][at][ac][ac]a[at]
CC  consensus.regexp.rc: [AT]T[GT][GT][AT][AT][AT][GT]T[CT][AT][AT]AG
XX
//
AC  HLH-3
XX
ID  HLH-3
XX
DE  yytrmarwaaarwg
PO       A     C     G     T
1    18.0067 37.587 14.8027 29.6036
2    10.1736 30.9736 24.9892 33.8636
3    20.606 11.0967 24.3999 43.8975
4    42.0035 6.85814 32.8955 18.2428
5    38.9598 29.8396 24.7181 6.48247
6    52.4427 23.3503 14.5709 9.63609
7    45.9558 10.1987 35.2016 8.64394
8    51.3851 9.75661 12.7815 26.0768
9    52.0211 16.5664 10.209 21.2034
10   55.6147 10.9461 10.7609 22.6783
11   49.0758 22.3814 11.7322 16.8105
12   31.7012 13.4852 31.169 23.6446
13   29.9017 8.99191 13.3759 47.7305
14   6.73522 18.52 63.6895 11.0553
XX
CC  program: uniprobe
CC  matrix.nb: 23
CC  consensus.strict: cttaaaaaaaaatg
CC  consensus.strict.rc: CATTTTTTTTTAAG
CC  consensus.IUPAC: yytrmarwaaarwg
CC  consensus.IUPAC.rc: CWYTTTWYTKYARR
CC  consensus.regexp: [ct][ct]t[ag][ac]a[ag][at]aaa[ag][at]g
CC  consensus.regexp.rc: C[AT][CT]TTT[AT][CT]T[GT][CT]A[AG][AG]
XX
//
AC  HLH-2_HLH-14
XX
ID  HLH-2_HLH-14
XX
DE  ykaaCAbCTGTCvmda
PO       A     C     G     T
1    23.802 25.1178 24.3015 26.7787
2    20.634 19.1254 25.3018 34.9389
3    56.33 11.7582 17.4074 14.5044
4    63.5519 15.0531 19.346 2.04891
5    1.47622 96.9714 0.620567 0.931801
6    97.7074 0.541625 0.721045 1.02995
7    0.395565 41.2151 32.7027 25.6867
8    2.63662 95.3224 1.23762 0.803342
9    0.593682 0.700244 0.968216 97.7379
10   0.755789 0.568454 97.2742 1.40156
11   0.657468 14.136 8.49281 76.7138
12   2.72717 72.3123 2.87196 22.0885
13   34.4137 27.219 27.376 10.9914
14   34.8064 25.6762 21.0766 18.4407
15   28.6259 15.6913 27.3672 28.3157
16   49.1382 16.3228 13.3202 21.2188
XX
CC  program: uniprobe
CC  matrix.nb: 24
CC  consensus.strict: ttaaCAcCTGTCaaaa
CC  consensus.strict.rc: TTTTGACAGGTGTTAA
CC  consensus.IUPAC: ykaaCAbCTGTCvmda
CC  consensus.IUPAC.rc: THKBGACAGVTGTTMR
CC  consensus.regexp: [ct][gt]aaCA[cgt]CTGTC[acg][ac][agt]a
CC  consensus.regexp.rc: T[ACT][GT][CGT]GACAG[ACG]TGTT[AC][AG]
XX
//
AC  LIN-32
XX
ID  LIN-32
XX
DE  akwraTwagwaswm
PO       A     C     G     T
1    64.3158 23.4463 7.45944 4.77843
2    21.6348 14.7497 37.7433 25.8722
3    26.4921    19 20.8868 33.6211
4    50.8142 16.7363 27.062 5.38755
5    63.0496 14.3699 7.63163 14.9489
6    8.94776 12.4937 9.68382 68.8748
7    38.3124 5.81428 8.32916 47.5441
8    59.6648 9.20622 10.5824 20.5465
9    10.4872 18.2582 61.3965 9.85808
10   53.5075 7.37012 11.7171 27.4053
11   63.1524 12.0262 10.9953 13.8261
12   24.1526 28.7258 26.2798 20.8419
13   40.9827 10.164 11.6074 37.2459
14   33.6376 33.3571 14.5609 18.4443
XX
CC  program: uniprobe
CC  matrix.nb: 25
CC  consensus.strict: agtaaTtagaacaa
CC  consensus.strict.rc: TTGTTCTAATTACT
CC  consensus.IUPAC: akwraTwagwaswm
CC  consensus.IUPAC.rc: KWSTWCTWATYWMT
CC  consensus.regexp: a[gt][at][ag]aT[at]ag[at]a[cg][at][ac]
CC  consensus.regexp.rc: [GT][AT][CG]T[AT]CT[AT]AT[CT][AT][AC]T
XX
//
AC  MDL-1
XX
ID  MDL-1
XX
DE  Awkwwtwaaaawwa
PO       A     C     G     T
1    78.7595 3.56905 7.41757 10.2538
2    41.9717 13.8931 13.3554 30.7797
3    14.4526 21.9701 30.8939 32.6834
4    53.3021 12.3234 6.23062 28.1439
5    25.5418 7.21171 19.2833 47.9632
6    17.4048 8.43046 23.6993 50.4654
7    43.9653 11.7702 14.4628 29.8017
8    59.1112 10.7054 11.5233 18.6601
9    66.7678 12.6614 9.26573 11.305
10   58.7724 4.52558 17.2423 19.4596
11   58.2286 11.4876 8.65864 21.6252
12   28.3658 19.0335 18.9149 33.6858
13   53.0399 7.93196 5.62352 33.4046
14   46.6948 17.7295 20.7207 14.855
XX
CC  program: uniprobe
CC  matrix.nb: 26
CC  consensus.strict: Aatattaaaaataa
CC  consensus.strict.rc: TTATTTTTAATATT
CC  consensus.IUPAC: Awkwwtwaaaawwa
CC  consensus.IUPAC.rc: TWWTTTTWAWWMWT
CC  consensus.regexp: A[at][gt][at][at]t[at]aaaa[at][at]a
CC  consensus.regexp.rc: T[AT][AT]TTTT[AT]A[AT][AT][AC][AT]T
XX
//
AC  REF-1
XX
ID  REF-1
XX
DE  wmawgGCACGTGycwwa
PO       A     C     G     T
1    34.5768 13.7688 15.081 36.5735
2    26.811 31.2241 22.1271 19.8379
3    51.0256 17.9929 10.5583 20.4232
4    34.4868 22.2791 15.6136 27.6204
5    22.5104 3.08073 67.799 6.60981
6    22.2299 7.6638 68.5799 1.52633
7    0.666221 97.9877 0.503906 0.842205
8    96.2243 0.523131 2.59827 0.654282
9    0.518649 96.5156 0.649536 2.31626
10   1.26704 0.74061 97.4094 0.582907
11   0.911883 2.20808 1.27315 95.6069
12   0.901801 0.582673 97.6016 0.913904
13   0.820994 45.08 9.47361 44.6254
14   21.4637 47.206 10.0724 21.2579
15   30.1785 19.3663 16.9194 33.5358
16   33.6831 7.43753 20.4599 38.4195
17   49.895 13.4252 14.5905 22.0893
XX
CC  program: uniprobe
CC  matrix.nb: 27
CC  consensus.strict: tcaagGCACGTGcctta
CC  consensus.strict.rc: TAAGGCACGTGCCTTGA
CC  consensus.IUPAC: wmawgGCACGTGycwwa
CC  consensus.IUPAC.rc: TWWGRCACGTGCCWTKW
CC  consensus.regexp: [at][ac]a[at]gGCACGTG[ct]c[at][at]a
CC  consensus.regexp.rc: T[AT][AT]G[AG]CACGTGCC[AT]T[GT][AT]
XX
//
AC  HLH-2
XX
ID  HLH-2
XX
DE  wkraatataawrht
PO       A     C     G     T
1    35.3965 17.7836 21.63 25.19
2    14.1668 24.7673 27.3217 33.7442
3    30.364 24.3166 28.9255 16.3939
4    65.2649 7.93212 8.34381 18.4591
5    62.7743 13.2676 5.74058 18.2175
6    17.512 19.2804 8.35866 54.8489
7    62.0824 13.2801 7.77221 16.8653
8    17.8851 16.7361 9.95584 55.423
9    54.2879 6.46735 14.9639 24.2808
10   53.0434 16.0943 18.6217 12.2407
11   30.9789 16.3136 8.73235 43.9752
12   31.0184 24.5838 30.3909 14.0069
13   36.097 26.1512 12.2551 25.4967
14   13.0354 24.3198 7.17813 55.4667
XX
CC  program: uniprobe
CC  matrix.nb: 28
CC  consensus.strict: ataaatataataat
CC  consensus.strict.rc: ATTATTATATTTAT
CC  consensus.IUPAC: wkraatataawrht
CC  consensus.IUPAC.rc: ADYWTTATATTYMW
CC  consensus.regexp: [at][gt][ag]aatataa[at][ag][act]t
CC  consensus.regexp.rc: A[AGT][CT][AT]TTATATT[CT][AC][AT]
XX
//
AC  HLH-2_HLH-10
XX
ID  HLH-2_HLH-10
XX
DE  cygkAACAGGTGktskr
PO       A     C     G     T
1    21.0088 32.4531 23.2546 23.2835
2    24.3784 30.8727 16.9359 27.8129
3    20.1924 15.8472 39.4911 24.4693
4    16.6423 24.4491 30.1912 28.7174
5    74.13 13.6244 9.87335 2.37218
6    81.5474 8.30519 9.94678 0.200637
7    0.523747 99.0927 0.16035 0.223168
8    99.2791 0.221158 0.303069 0.196679
9    0.077523 0.954169 98.7025 0.265847
10   1.35956 15.1807 83.3923 0.0674467
11   0.360824 0.213876 0.15309 99.2722
12   0.203274 0.127542 98.981 0.68823
13   1.8915 23.0318 38.0194 37.0573
14   11.5261 19.3154 24.2354 44.923
15   21.4729 35.3764 25.5665 17.5843
16   16.2313 24.7109 29.8141 29.2438
17   33.2447 18.6915 28.9777 19.0861
XX
CC  program: uniprobe
CC  matrix.nb: 29
CC  consensus.strict: ccggAACAGGTGgtcga
CC  consensus.strict.rc: TCGACCACCTGTTCCGG
CC  consensus.IUPAC: cygkAACAGGTGktskr
CC  consensus.IUPAC.rc: YMSAMCACCTGTTMCRG
CC  consensus.regexp: c[ct]g[gt]AACAGGTG[gt]t[cg][gt][ag]
CC  consensus.regexp.rc: [CT][AC][CG]A[AC]CACCTGTT[AC]C[AG]G
XX
//
AC  HLH-25
XX
ID  HLH-25
XX
DE  rrgrCGCGTGTCCywk
PO       A     C     G     T
1    38.4973 18.4419 25.7716 17.2891
2    32.2955 18.797 31.9377 16.9699
3    13.5851 17.2497 48.3019 20.8632
4    39.3859 4.93952 53.4977 2.17694
5    0.86883 97.9631 0.573248 0.594866
6    21.2779 1.49157 75.1065 2.12404
7    0.379605 88.8837 0.119673 10.6171
8    15.0998 0.454991 84.3716 0.0736494
9    0.332282 0.909285 0.17655 98.5819
10   0.3937 0.200955 99.1326 0.272733
11   0.515483 0.380524 10.0353 89.0687
12   0.544021 94.2174 0.5168 4.72175
13   1.27646 84.6489 1.33734 12.7373
14   10.8613 52.4849 8.45728 28.1965
15   31.4614 23.2969 16.5394 28.7023
16   22.7639 14.805 31.7822 30.6489
XX
CC  program: uniprobe
CC  matrix.nb: 30
CC  consensus.strict: aaggCGCGTGTCCcag
CC  consensus.strict.rc: CTGGGACACGCGCCTT
CC  consensus.IUPAC: rrgrCGCGTGTCCywk
CC  consensus.IUPAC.rc: MWRGGACACGCGYCYY
CC  consensus.regexp: [ag][ag]g[ag]CGCGTGTCC[ct][at][gt]
CC  consensus.regexp.rc: [AC][AT][AG]GGACACGCG[CT]C[CT][CT]
XX
//
AC  HLH-1
XX
ID  HLH-1
XX
DE  ksrACAGCTGTyrwrr
PO       A     C     G     T
1    16.8378 9.99565 35.6911 37.4755
2    21.0221 31.0847 34.2301 13.6631
3    25.4174 7.68674 64.0908 2.80503
4    70.8203 6.15399 11.3355 11.6903
5    2.46205 92.7658 2.77956 1.99264
6    92.3684 1.96967 3.73608 1.92589
7    12.458 13.97 71.7205 1.85151
8    1.85151 71.7205 13.97 12.458
9    1.92589 3.73608 1.96967 92.3684
10   1.99264 2.77956 92.7658 2.46205
11   16.9498 7.94682 3.81051 71.2929
12   2.80503 64.0908 7.68674 25.4174
13   30.5118 12.4947 44.7558 12.2376
14   35.8695 17.6237 19.388 27.1188
15   33.1199 19.3577 35.633 11.8894
16   31.8083 21.7248 35.6768 10.7901
XX
CC  program: uniprobe
CC  matrix.nb: 31
CC  consensus.strict: tggACAGCTGTcgagg
CC  consensus.strict.rc: CCTCGACAGCTGTCCA
CC  consensus.IUPAC: ksrACAGCTGTyrwrr
CC  consensus.IUPAC.rc: YYWYRACAGCTGTYSM
CC  consensus.regexp: [gt][cg][ag]ACAGCTGT[ct][ag][at][ag][ag]
CC  consensus.regexp.rc: [CT][CT][AT][CT][AG]ACAGCTGT[CT][CG][AC]
XX
//
