AC  M00008_2.00
XX
ID  Bra007583,Bra010070,Bra013570,Bra013571,Bra017438,Bra017536,Bra018743,Bra019359,Bra020864,Bra024870,Bra025511,Bra029271,Bra035899,Bra038750
XX
DE  Bra007583,Bra010070,Bra013570,Bra013571,Bra017438,Bra017536,Bra018743,Bra019359,Bra020864,Bra024870,Bra025511,Bra029271,Bra035899,Bra038750
P0       A     C     G     T
1    28.2959 24.8465 24.5993 22.2583
2    31.6659 18.4532 23.6944 26.1864
3    37.7778 11.2652 20.9413 30.0157
4    61.6393 6.89847 11.1484 20.3138
5    67.5764 4.27703 6.31709 21.8294
6    32.6032 13.3887 8.20227 45.8058
7    32.1153 13.7266 11.2384 42.9198
XX
CC  program: cis-bp
CC  matrix.nb: 1
CC  accession: M00008_2.00.txt_1
CC  AC: M00008_2.00.txt_1
CC  id: M00008_2.00.txt_1
CC  name: M00008_2.00.txt_1
CC  version: 
CC  matrix.nb: 1
CC  consensus.strict: aaaaatt
CC  consensus.strict.rc: AATTTTT
CC  consensus.IUPAC: awwaaww
CC  consensus.IUPAC.rc: WWTTWWT
CC  consensus.regexp: a[at][at]aa[at][at]
CC  consensus.regexp.rc: [AT][AT]TT[AT][AT]T
XX
//
AC  M00153_2.00
XX
ID  Bra002398,Bra005305,Bra006615,Bra014096,Bra017268,Bra023047
XX
DE  Bra002398,Bra005305,Bra006615,Bra014096,Bra017268,Bra023047
P0       A     C     G     T
1    32.8844 15.8473 19.3559 31.9125
2    34.0062 13.8259 13.8259 38.3419
3    25.0781 15.2106 24.8285 34.8828
4    14.6662 21.2328 47.7294 16.3716
5    4.91485 10.9382 84.1214 0.0255341
6    9.86661 88.1603 0.000902047 1.97221
7    0.122809 0.00133727 97.7948 2.08105
8    2.25807 62.459 32.6064 2.6765
9    13.5566 28.4138 36.121 21.9085
10   23.4821 29.2605 18.2879 28.9694
XX
CC  program: cis-bp
CC  matrix.nb: 1
CC  accession: M00153_2.00.txt_1
CC  AC: M00153_2.00.txt_1
CC  id: M00153_2.00.txt_1
CC  name: M00153_2.00.txt_1
CC  version: 
CC  matrix.nb: 1
CC  consensus.strict: attgGCGcgc
CC  consensus.strict.rc: GCGCGCCAAT
CC  consensus.IUPAC: wwwgGCGssy
CC  consensus.IUPAC.rc: RSSCGCCWWW
CC  consensus.regexp: [at][at][at]gGCG[cg][cg][ct]
CC  consensus.regexp.rc: [AG][CG][CG]CGCC[AT][AT][AT]
XX
//
AC  M00154_2.00
XX
ID  Bra002398,Bra005305,Bra006615,Bra014096,Bra017268,Bra023047
XX
DE  Bra002398,Bra005305,Bra006615,Bra014096,Bra017268,Bra023047
P0       A     C     G     T
1    32.3791 15.7606 18.4952 33.3651
2    35.6499 12.3511 13.3798 38.6191
3    25.2758 14.4378 24.7753 35.5112
4    12.6742 20.0769 54.5747 12.6742
5    2.3207 7.47728 90.1856 0.0164385
6    6.97406 91.1218 0.02242 1.88174
7    0.017554 0.00254793 98.2509 1.72897
8    1.1409 61.0578 35.9389 1.86232
9    10.8464 26.1496 38.6224 24.3817
10   25.0797 27.1685 16.8114 30.9403
XX
CC  program: cis-bp
CC  matrix.nb: 1
CC  accession: M00154_2.00.txt_1
CC  AC: M00154_2.00.txt_1
CC  id: M00154_2.00.txt_1
CC  name: M00154_2.00.txt_1
CC  version: 
CC  matrix.nb: 1
CC  consensus.strict: tttgGCGcgt
CC  consensus.strict.rc: ACGCGCCAAA
CC  consensus.IUPAC: wwwgGCGssh
CC  consensus.IUPAC.rc: DSSCGCCWWW
CC  consensus.regexp: [at][at][at]gGCG[cg][cg][act]
CC  consensus.regexp.rc: [AGT][CG][CG]CGCC[AT][AT][AT]
XX
//
AC  M00216_2.00
XX
ID  Bra005902,Bra005905,Bra011920,Bra027434,Bra028725,Bra030855
XX
DE  Bra005902,Bra005905,Bra011920,Bra027434,Bra028725,Bra030855
P0       A     C     G     T
1    31.7192 18.8577 17.0632 32.36
2    37.7028 11.0202 11.2429 40.0342
3    23.8466 12.3251 12.3251 51.5031
4    53.2428 0.0769087 9.53399 37.1463
5    29.0314 0.0533106 6.94748 63.9678
6    71.578 7.85215 19.121 1.44887
7    28.9234 11.9969 10.4296 48.65
XX
CC  program: cis-bp
CC  matrix.nb: 1
CC  accession: M00216_2.00.txt_1
CC  AC: M00216_2.00.txt_1
CC  id: M00216_2.00.txt_1
CC  name: M00216_2.00.txt_1
CC  version: 
CC  matrix.nb: 1
CC  consensus.strict: tttatAt
CC  consensus.strict.rc: ATATAAA
CC  consensus.IUPAC: wwtwwAw
CC  consensus.IUPAC.rc: WTWWAWW
CC  consensus.regexp: [at][at]t[at][at]A[at]
CC  consensus.regexp.rc: [AT]T[AT][AT]A[AT][AT]
XX
//
AC  M00662_2.00
XX
ID  Bra002398,Bra005305,Bra006615,Bra014096,Bra017268,Bra023047
XX
DE  Bra002398,Bra005305,Bra006615,Bra014096,Bra017268,Bra023047
P0       A     C     G     T
1    18.0875 17.553 26.4491 37.9103
2    11.3831 30.3299 47.5667 10.7202
3    4.22051 18.915 76.7041 0.160406
4    0.00575609 99.7336 0.00587237 0.254744
5    0.00683755 0.0393474 99.9505     0
6    0.00823371 65.3974 33.1314 1.46299
7    14.1157 28.1427 44.5802 13.1614
8    19.2979 39.6462 12.5534 28.5026
9    39.0468 12.1188 15.5609 33.2735
10   27.3962 19.4998 19.3058 33.7981
XX
CC  program: cis-bp
CC  matrix.nb: 1
CC  accession: M00662_2.00.txt_1
CC  AC: M00662_2.00.txt_1
CC  id: M00662_2.00.txt_1
CC  name: M00662_2.00.txt_1
CC  version: 
CC  matrix.nb: 1
CC  consensus.strict: tgGCGcgcat
CC  consensus.strict.rc: ATGCGCGCCA
CC  consensus.IUPAC: ksGCGssyww
CC  consensus.IUPAC.rc: WWRSSCGCSM
CC  consensus.regexp: [gt][cg]GCG[cg][cg][ct][at][at]
CC  consensus.regexp.rc: [AT][AT][AG][CG][CG]CGC[CG][AC]
XX
//
AC  M00717_2.00
XX
ID  Bra005480,Bra005932,Bra006195,Bra008835,Bra009272,Bra010880,Bra019622,Bra021543,Bra021594,Bra021871,Bra023404,Bra024325,Bra027355,Bra028703,Bra029302,Bra030095,Bra031903,Bra037794
XX
DE  Bra005480,Bra005932,Bra006195,Bra008835,Bra009272,Bra010880,Bra019622,Bra021543,Bra021594,Bra021871,Bra023404,Bra024325,Bra027355,Bra028703,Bra029302,Bra030095,Bra031903,Bra037794
P0       A     C     G     T
1    18.4463 25.6582 31.972 23.9235
2    10.5899 38.088 18.5394 32.7827
3    4.5557 0.079371 95.2379 0.126993
4    3.70386 78.2083 5.4161 12.6718
5    3.01801 62.4644 11.074 23.4436
6    13.6135 9.30975 70.1799 6.89683
7    17.6688 19.1404 36.2994 26.8913
8    19.936 48.5467 9.70388 21.8134
XX
CC  program: cis-bp
CC  matrix.nb: 1
CC  accession: M00717_2.00.txt_1
CC  AC: M00717_2.00.txt_1
CC  id: M00717_2.00.txt_1
CC  name: M00717_2.00.txt_1
CC  version: 
CC  matrix.nb: 1
CC  consensus.strict: gcGCcGgc
CC  consensus.strict.rc: GCCGGCGC
CC  consensus.IUPAC: syGCcGkc
CC  consensus.IUPAC.rc: GMCGGCRS
CC  consensus.regexp: [cg][ct]GCcG[gt]c
CC  consensus.regexp.rc: G[AC]CGGC[AG][CG]
XX
//
AC  M00718_2.00
XX
ID  Bra005480,Bra012938,Bra013310,Bra015478,Bra017493,Bra018271,Bra021712,Bra022832,Bra023745,Bra023746,Bra027493,Bra032433,Bra035732,Bra040158
XX
DE  Bra005480,Bra012938,Bra013310,Bra015478,Bra017493,Bra018271,Bra021712,Bra022832,Bra023745,Bra023746,Bra027493,Bra032433,Bra035732,Bra040158
P0       A     C     G     T
1       20    50 13.3333 16.6667
2    2.7027 5.40541 89.1892 2.7027
3    2.63158 60.5263 34.2105 2.63158
4    2.63158 89.4737 5.26316 2.63158
5    7.89474 2.63158 84.2105 5.26316
6    2.63158 23.6842 71.0526 2.63158
7    2.7027 91.8919 2.7027 2.7027
8    10.3448 58.6207 17.2414 13.7931
XX
CC  program: cis-bp
CC  matrix.nb: 1
CC  accession: M00718_2.00.txt_1
CC  AC: M00718_2.00.txt_1
CC  id: M00718_2.00.txt_1
CC  name: M00718_2.00.txt_1
CC  version: 
CC  matrix.nb: 1
CC  consensus.strict: cGcCGGCc
CC  consensus.strict.rc: GGCCGGCG
CC  consensus.IUPAC: cGsCGGCc
CC  consensus.IUPAC.rc: GGCCGSCG
CC  consensus.regexp: cG[cg]CGGCc
CC  consensus.regexp.rc: GGCCG[CG]CG
XX
//
AC  M00719_2.00
XX
ID  Bra001541,Bra001588,Bra001640,Bra001784,Bra003068,Bra003883,Bra004548,Bra005480,Bra006195,Bra006222,Bra006325,Bra008793,Bra008835,Bra009250,Bra010972,Bra012499,Bra012938,Bra013730,Bra015266,Bra015310,Bra015478,Bra017493,Bra017495,Bra017612,Bra018864,Bra019270,Bra021200,Bra021401,Bra021543,Bra021871,Bra022176,Bra022643,Bra023404,Bra023440,Bra024953,Bra027270,Bra027355,Bra027447,Bra027493,Bra028690,Bra029079,Bra029319,Bra030919,Bra030957,Bra032433,Bra032512,Bra035732,Bra035792,Bra035919,Bra036016,Bra038261,Bra040158
XX
DE  Bra001541,Bra001588,Bra001640,Bra001784,Bra003068,Bra003883,Bra004548,Bra005480,Bra006195,Bra006222,Bra006325,Bra008793,Bra008835,Bra009250,Bra010972,Bra012499,Bra012938,Bra013730,Bra015266,Bra015310,Bra015478,Bra017493,Bra017495,Bra017612,Bra018864,Bra019270,Bra021200,Bra021401,Bra021543,Bra021871,Bra022176,Bra022643,Bra023404,Bra023440,Bra024953,Bra027270,Bra027355,Bra027447,Bra027493,Bra028690,Bra029079,Bra029319,Bra030919,Bra030957,Bra032433,Bra032512,Bra035732,Bra035792,Bra035919,Bra036016,Bra038261,Bra040158
P0       A     C     G     T
1    25.334 23.8587 21.3734 29.4339
2    23.8515 21.7986 26.36 27.99
3    21.6235 7.19783 58.1939 12.9848
4    11.4251 50.19 24.4301 13.9547
5    0.957587 66.464 0.226879 32.3515
6    20.354 0.446318 77.7326 1.46708
7    14.8179 32.6497 28.1018 24.4306
8    23.9004 34.6014 22.5085 18.9897
XX
CC  program: cis-bp
CC  matrix.nb: 1
CC  accession: M00719_2.00.txt_1
CC  AC: M00719_2.00.txt_1
CC  id: M00719_2.00.txt_1
CC  name: M00719_2.00.txt_1
CC  version: 
CC  matrix.nb: 1
CC  consensus.strict: ttgccGcc
CC  consensus.strict.rc: GGCGGCAA
CC  consensus.IUPAC: wkgcyGsc
CC  consensus.IUPAC.rc: GSCRGCMW
CC  consensus.regexp: [at][gt]gc[ct]G[cg]c
CC  consensus.regexp.rc: G[CG]C[AG]GC[AC][AT]
XX
//
AC  M00720_2.00
XX
ID  Bra003068,Bra003883,Bra004873,Bra005480,Bra005932,Bra006195,Bra008835,Bra009250,Bra009272,Bra011529,Bra012939,Bra013310,Bra014924,Bra014925,Bra015310,Bra015478,Bra016063,Bra017493,Bra017495,Bra017656,Bra019622,Bra021047,Bra021048,Bra021543,Bra021871,Bra022115,Bra022643,Bra023404,Bra023745,Bra023746,Bra023748,Bra024953,Bra024954,Bra028690,Bra028703,Bra029079,Bra029302,Bra032512,Bra032665,Bra034624,Bra035732,Bra035919,Bra037630,Bra040158,Bra040159
XX
DE  Bra003068,Bra003883,Bra004873,Bra005480,Bra005932,Bra006195,Bra008835,Bra009250,Bra009272,Bra011529,Bra012939,Bra013310,Bra014924,Bra014925,Bra015310,Bra015478,Bra016063,Bra017493,Bra017495,Bra017656,Bra019622,Bra021047,Bra021048,Bra021543,Bra021871,Bra022115,Bra022643,Bra023404,Bra023745,Bra023746,Bra023748,Bra024953,Bra024954,Bra028690,Bra028703,Bra029079,Bra029302,Bra032512,Bra032665,Bra034624,Bra035732,Bra035919,Bra037630,Bra040158,Bra040159
P0       A     C     G     T
1    21.6684 32.3255 26.2026 19.8035
2    29.7134 47.0682 11.377 11.8414
3    5.36499 0.00965669 94.6225     0
4    5.76362 83.2265 4.76628 6.24365
5    12.7082 78.4331 3.26169 5.59708
6    20.593 9.25303 61.8648 8.28918
7    24.1989 34.685 13.2807 27.8354
8    12.8129 68.0641 6.6889 12.4342
9    30.722 31.9757 14.0831 23.2192
XX
CC  program: cis-bp
CC  matrix.nb: 1
CC  accession: M00720_2.00.txt_1
CC  AC: M00720_2.00.txt_1
CC  id: M00720_2.00.txt_1
CC  name: M00720_2.00.txt_1
CC  version: 
CC  matrix.nb: 1
CC  consensus.strict: ccGCCgccc
CC  consensus.strict.rc: GGGCGGCGG
CC  consensus.IUPAC: smGCCgycm
CC  consensus.IUPAC.rc: KGRCGGCKS
CC  consensus.regexp: [cg][ac]GCCg[ct]c[ac]
CC  consensus.regexp.rc: [GT]G[AG]CGGC[GT][CG]
XX
//
AC  M00721_2.00
XX
ID  Bra001541,Bra001784,Bra003068,Bra004548,Bra005480,Bra005932,Bra006195,Bra006325,Bra008835,Bra009250,Bra009272,Bra012938,Bra012939,Bra013730,Bra015266,Bra015310,Bra015478,Bra017493,Bra017495,Bra017612,Bra019270,Bra021047,Bra021048,Bra021049,Bra021401,Bra021543,Bra021871,Bra022115,Bra022643,Bra023404,Bra024953,Bra024954,Bra027270,Bra027355,Bra027447,Bra027493,Bra028690,Bra029079,Bra029302,Bra029319,Bra032433,Bra032512,Bra032665,Bra032901,Bra035732,Bra035792,Bra035919,Bra036016,Bra038261,Bra040158,Bra040159,Bra040839
XX
DE  Bra001541,Bra001784,Bra003068,Bra004548,Bra005480,Bra005932,Bra006195,Bra006325,Bra008835,Bra009250,Bra009272,Bra012938,Bra012939,Bra013730,Bra015266,Bra015310,Bra015478,Bra017493,Bra017495,Bra017612,Bra019270,Bra021047,Bra021048,Bra021049,Bra021401,Bra021543,Bra021871,Bra022115,Bra022643,Bra023404,Bra024953,Bra024954,Bra027270,Bra027355,Bra027447,Bra027493,Bra028690,Bra029079,Bra029302,Bra029319,Bra032433,Bra032512,Bra032665,Bra032901,Bra035732,Bra035792,Bra035919,Bra036016,Bra038261,Bra040158,Bra040159,Bra040839
P0       A     C     G     T
1    27.3481 27.3481 20.0584 25.2455
2    23.065 27.339 26.531 23.065
3    27.8187 36.8077 18.8348 16.5388
4    14.4544 5.81826 74.5151 5.2122
5    11.5569 61.392 17.5891 9.46197
6    18.5945 66.8777 7.19126 7.33653
7    21.3466 11.9519 58.6093 8.09214
8    19.72 35.2207 20.7311 24.3282
9    16.6531 60.4972 10.5128 12.3369
10   32.0417 29.2839 17.4099 21.2645
XX
CC  program: cis-bp
CC  matrix.nb: 1
CC  accession: M00721_2.00.txt_1
CC  AC: M00721_2.00.txt_1
CC  id: M00721_2.00.txt_1
CC  name: M00721_2.00.txt_1
CC  version: 
CC  matrix.nb: 1
CC  consensus.strict: accGccgcca
CC  consensus.strict.rc: TGGCGGCGGT
CC  consensus.IUPAC: hsmGccgccm
CC  consensus.IUPAC.rc: KGGCGGCKSD
CC  consensus.regexp: [act][cg][ac]Gccgcc[ac]
CC  consensus.regexp.rc: [GT]GGCGGC[GT][CG][AGT]
XX
//
AC  M00722_2.00
XX
ID  Bra000283,Bra000560,Bra002679,Bra006788,Bra007430,Bra007863,Bra010591,Bra011237,Bra011740,Bra012133,Bra020017,Bra020398,Bra031668,Bra032111,Bra037312,Bra037742
XX
DE  Bra000283,Bra000560,Bra002679,Bra006788,Bra007430,Bra007863,Bra010591,Bra011237,Bra011740,Bra012133,Bra020017,Bra020398,Bra031668,Bra032111,Bra037312,Bra037742
P0       A     C     G     T
1    12.9978 35.3316 29.808 21.8626
2    0.126241 97.5569 0.650793 1.66602
3    99.4564 0.0121518 0.462883 0.0685439
4    11.7918 88.0056 0.00916284 0.193476
5    28.758 0.476598 70.7333 0.03203
6    9.50645 16.6427 0.00575302 73.8451
7    13.3055 14.4137 54.4989 17.7819
XX
CC  program: cis-bp
CC  matrix.nb: 1
CC  accession: M00722_2.00.txt_1
CC  AC: M00722_2.00.txt_1
CC  id: M00722_2.00.txt_1
CC  name: M00722_2.00.txt_1
CC  version: 
CC  matrix.nb: 1
CC  consensus.strict: cCACGTg
CC  consensus.strict.rc: CACGTGG
CC  consensus.IUPAC: sCACRTg
CC  consensus.IUPAC.rc: CAYGTGS
CC  consensus.regexp: [cg]CAC[AG]Tg
CC  consensus.regexp.rc: CA[CT]GTG[CG]
XX
//
AC  M00723_2.00
XX
ID  Bra003831,Bra008110,Bra015970
XX
DE  Bra003831,Bra008110,Bra015970
P0       A     C     G     T
1    20.4241 38.7276 20.4241 20.4241
2    69.6105 10.1298 10.1298 10.1298
3    2.27331 2.27331 93.1801 2.27331
4    49.9115 0.0148808 50.0587 0.0148808
5    0.0148808 0.0148808 0.0148808 99.9554
6    50.5702 0.0148808 0.0148808  49.4
7    0.0148808 99.9554 0.0148808 0.0148808
8    99.9554 0.0148808 0.0148808 0.0148808
9    4.59076 4.59076 4.59076 86.2277
10   14.8851 14.8851 14.8851 55.3448
11   22.7416 31.7753 22.7416 22.7416
XX
CC  program: cis-bp
CC  matrix.nb: 1
CC  accession: M00723_2.00.txt_1
CC  AC: M00723_2.00.txt_1
CC  id: M00723_2.00.txt_1
CC  name: M00723_2.00.txt_1
CC  version: 
CC  matrix.nb: 1
CC  consensus.strict: cAGgTaCATtc
CC  consensus.strict.rc: GAATGTACCTG
CC  consensus.IUPAC: cAGrTwCATtc
CC  consensus.IUPAC.rc: GAATGWAYCTG
CC  consensus.regexp: cAG[ag]T[at]CATtc
CC  consensus.regexp.rc: GAATG[AT]A[CT]CTG
XX
//
AC  M00724_2.00
XX
ID  Bra000528,Bra001802,Bra023927,Bra035746
XX
DE  Bra000528,Bra001802,Bra023927,Bra035746
P0       A     C     G     T
1    23.2541 28.4026 17.5751 30.7682
2    38.1584 20.3229 19.7222 21.7964
3    22.5202 19.1904 45.8058 12.4835
4    47.8098 0.047228 41.1503 10.9927
5    18.061 0.743604 7.95462 73.2408
6    44.1083 4.6957 20.4227 30.7733
7    18.109 61.3385 12.8894 7.66304
8    60.2456 10.1597 18.6983 10.8964
9    14.3308 18.0368 25.8526 41.7798
XX
CC  program: cis-bp
CC  matrix.nb: 1
CC  accession: M00724_2.00.txt_1
CC  AC: M00724_2.00.txt_1
CC  id: M00724_2.00.txt_1
CC  name: M00724_2.00.txt_1
CC  version: 
CC  matrix.nb: 1
CC  consensus.strict: tagaTacat
CC  consensus.strict.rc: ATGTATCTA
CC  consensus.IUPAC: yagrTwcak
CC  consensus.IUPAC.rc: MTGWAYCTR
CC  consensus.regexp: [ct]ag[ag]T[at]ca[gt]
CC  consensus.regexp.rc: [AC]TG[AT]A[CT]CT[AG]
XX
//
AC  M00725_2.00
XX
ID  Bra000528,Bra001802,Bra023927,Bra035746
XX
DE  Bra000528,Bra001802,Bra023927,Bra035746
P0       A     C     G     T
1    24.3198 22.1181 28.1303 25.4318
2    24.0165 15.9269 35.7238 24.3329
3    44.8547 9.33936 34.6592 11.1468
4    8.57104 18.6343 0.109211 72.6855
5    29.7343 4.86576 47.7835 17.6165
6    17.6165 47.7835 4.86576 29.7343
7    72.6855 0.109211 18.6343 8.57104
8    11.1468 34.6592 9.33936 44.8547
9    24.3329 35.7238 15.9269 24.0165
10   25.4318 28.1303 22.1181 24.3198
XX
CC  program: cis-bp
CC  matrix.nb: 1
CC  accession: M00725_2.00.txt_1
CC  AC: M00725_2.00.txt_1
CC  id: M00725_2.00.txt_1
CC  name: M00725_2.00.txt_1
CC  version: 
CC  matrix.nb: 1
CC  consensus.strict: ggaTgcAtcc
CC  consensus.strict.rc: GGATGCATCC
CC  consensus.IUPAC: kgrTryAycm
CC  consensus.IUPAC.rc: KGRTRYAYCM
CC  consensus.regexp: [gt]g[ag]T[ag][ct]A[ct]c[ac]
CC  consensus.regexp.rc: [GT]G[AG]T[AG][CT]A[CT]C[AC]
XX
//
AC  M00726_2.00
XX
ID  Bra000528,Bra001802,Bra008110,Bra015970,Bra035746
XX
DE  Bra000528,Bra001802,Bra008110,Bra015970,Bra035746
P0       A     C     G     T
1    23.9472 27.0004 19.8033 29.2491
2    35.7704 21.0546 19.4359 23.739
3    23.0071 19.8024 41.9217 15.2687
4    43.0091 2.31964 41.3227 13.3486
5    17.7508 1.48651 8.05612 72.7066
6    37.9546 7.36243 22.3402 32.3428
7    15.7762 68.6144 6.0406 9.56875
8    57.4252 8.67533 19.3073 14.5921
9    11.6242 22.2666 23.8811 42.2281
10   23.2475 23.9555 24.685 28.112
XX
CC  program: cis-bp
CC  matrix.nb: 1
CC  accession: M00726_2.00.txt_1
CC  AC: M00726_2.00.txt_1
CC  id: M00726_2.00.txt_1
CC  name: M00726_2.00.txt_1
CC  version: 
CC  matrix.nb: 1
CC  consensus.strict: tagaTaCatt
CC  consensus.strict.rc: AATGTATCTA
CC  consensus.IUPAC: yagrTwCatt
CC  consensus.IUPAC.rc: AATGWAYCTR
CC  consensus.regexp: [ct]ag[ag]T[at]Catt
CC  consensus.regexp.rc: AATG[AT]A[CT]CT[AG]
XX
//
AC  M00727_2.00
XX
ID  Bra001925,Bra003194,Bra003419,Bra004886,Bra007099,Bra007542,Bra009864,Bra011393,Bra011552,Bra011673,Bra011956,Bra012871,Bra013870,Bra017670,Bra018665,Bra030709,Bra031608,Bra034644,Bra035708,Bra036555,Bra037037,Bra037173,Bra038882,Bra040329
XX
DE  Bra001925,Bra003194,Bra003419,Bra004886,Bra007099,Bra007542,Bra009864,Bra011393,Bra011552,Bra011673,Bra011956,Bra012871,Bra013870,Bra017670,Bra018665,Bra030709,Bra031608,Bra034644,Bra035708,Bra036555,Bra037037,Bra037173,Bra038882,Bra040329
P0       A     C     G     T
1    28.7104 25.0462 17.6667 28.5767
2    18.121 30.0221 15.9884 35.8685
3    43.769 16.717 25.5627 13.9512
4    16.4439 6.24937 73.9361 3.37058
5    93.8813 0.337821 1.61048 4.17039
6    4.17039 1.61048 0.337821 93.8813
7    3.37058 73.9361 6.24937 16.4439
8    13.9512 25.5627 16.717 43.769
9    35.8685 15.9884 30.0221 18.121
10   28.5767 17.6667 25.0462 28.7104
XX
CC  program: cis-bp
CC  matrix.nb: 1
CC  accession: M00727_2.00.txt_1
CC  AC: M00727_2.00.txt_1
CC  id: M00727_2.00.txt_1
CC  name: M00727_2.00.txt_1
CC  version: 
CC  matrix.nb: 1
CC  consensus.strict: ataGATCtat
CC  consensus.strict.rc: ATAGATCTAT
CC  consensus.IUPAC: hyrGATCyrd
CC  consensus.IUPAC.rc: HYRGATCYRD
CC  consensus.regexp: [act][ct][ag]GATC[ct][ag][agt]
CC  consensus.regexp.rc: [ACT][CT][AG]GATC[CT][AG][AGT]
XX
//
AC  M00728_2.00
XX
ID  Bra004874,Bra005907,Bra007530,Bra007952,Bra009219,Bra010612,Bra011786,Bra012663,Bra016174,Bra017451,Bra017489,Bra017853,Bra024888,Bra024948,Bra026255,Bra026666,Bra030200,Bra040094,Bra040335
XX
DE  Bra004874,Bra005907,Bra007530,Bra007952,Bra009219,Bra010612,Bra011786,Bra012663,Bra016174,Bra017451,Bra017489,Bra017853,Bra024888,Bra024948,Bra026255,Bra026666,Bra030200,Bra040094,Bra040335
P0       A     C     G     T
1    39.7219 12.0842 15.6724 32.5215
2    9.12764 5.82004 3.49491 81.5574
3    7.74727 5.62567 75.7426 10.8845
4    89.1926 0.00874562 6.17679 4.62186
5    5.41017 2.82435 6.28572 85.4798
6    7.22799 1.29429 6.87548 84.6022
7    37.1108 2.72892 54.2665 5.89383
8    18.3409 33.7553 35.4859 12.4179
XX
CC  program: cis-bp
CC  matrix.nb: 1
CC  accession: M00728_2.00.txt_1
CC  AC: M00728_2.00.txt_1
CC  id: M00728_2.00.txt_1
CC  name: M00728_2.00.txt_1
CC  version: 
CC  matrix.nb: 1
CC  consensus.strict: aTGATTgg
CC  consensus.strict.rc: CCAATCAT
CC  consensus.IUPAC: wTGATTrs
CC  consensus.IUPAC.rc: SYAATCAW
CC  consensus.regexp: [at]TGATT[ag][cg]
CC  consensus.regexp.rc: [CG][CT]AATCA[AT]
XX
//
AC  M00729_2.00
XX
ID  Bra001927,Bra002145,Bra003611,Bra003993,Bra004397,Bra007867,Bra008411,Bra014348,Bra016289,Bra024909,Bra025071,Bra028359,Bra031952,Bra035118,Bra036412,Bra039340
XX
DE  Bra001927,Bra002145,Bra003611,Bra003993,Bra004397,Bra007867,Bra008411,Bra014348,Bra016289,Bra024909,Bra025071,Bra028359,Bra031952,Bra035118,Bra036412,Bra039340
P0       A     C     G     T
1    27.8776 21.0695 20.2433 30.8096
2    37.3827 18.0151 16.63 27.9721
3    10.068 9.67324 46.4958 33.7629
4    78.0703 1.33324 16.0805 4.51592
5    0.0197108 0.150079 0.00611757 99.8241
6    17.7775 11.6806 20.2455 50.2964
7    7.34414 78.5631 6.44886 7.64386
8    9.19698 34.4282 28.1874 28.1874
9    21.9334 27.6053 25.4829 24.9783
10   24.246 27.0653 22.1592 26.5294
XX
CC  program: cis-bp
CC  matrix.nb: 1
CC  accession: M00729_2.00.txt_1
CC  AC: M00729_2.00.txt_1
CC  id: M00729_2.00.txt_1
CC  name: M00729_2.00.txt_1
CC  version: 
CC  matrix.nb: 1
CC  consensus.strict: tagATtCccc
CC  consensus.strict.rc: GGGGAATCTA
CC  consensus.IUPAC: wwkATtCbsy
CC  consensus.IUPAC.rc: RSVGAATMWW
CC  consensus.regexp: [at][at][gt]ATtC[cgt][cg][ct]
CC  consensus.regexp.rc: [AG][CG][ACG]GAAT[AC][AT][AT]
XX
//
AC  M00730_2.00
XX
ID  Bra001586,Bra002148,Bra003023,Bra006449,Bra008259,Bra009246,Bra012960,Bra015750,Bra021592,Bra022685,Bra023669,Bra025374,Bra025658,Bra028435,Bra028685,Bra029313,Bra036223
XX
DE  Bra001586,Bra002148,Bra003023,Bra006449,Bra008259,Bra009246,Bra012960,Bra015750,Bra021592,Bra022685,Bra023669,Bra025374,Bra025658,Bra028435,Bra028685,Bra029313,Bra036223
P0       A     C     G     T
1    42.4681 11.3447 24.0168 22.1703
2    7.0466 53.6534 10.7246 28.5754
3    92.4823 1.45793 1.26746 4.79233
4    18.1755 73.7053 1.82225 6.297
5    9.80949 3.04454 71.7616 15.3843
6    12.7058 46.6215 14.0421 26.6306
7    41.4463 23.6745 8.45195 26.4273
8    74.1923 2.73645 5.13798 17.9333
9    20.3954 33.2917 19.5957 26.7172
XX
CC  program: cis-bp
CC  matrix.nb: 1
CC  accession: M00730_2.00.txt_1
CC  AC: M00730_2.00.txt_1
CC  id: M00730_2.00.txt_1
CC  name: M00730_2.00.txt_1
CC  version: 
CC  matrix.nb: 1
CC  consensus.strict: acACGcaAc
CC  consensus.strict.rc: GTTGCGTGT
CC  consensus.IUPAC: ayACGywAy
CC  consensus.IUPAC.rc: RTWRCGTRT
CC  consensus.regexp: a[ct]ACG[ct][at]A[ct]
CC  consensus.regexp.rc: [AG]T[AT][AG]CGT[AG]T
XX
//
AC  M00731_2.00
XX
ID  Bra001117,Bra004002,Bra004370,Bra004466,Bra005388,Bra007413,Bra007674,Bra010005,Bra010032,Bra010231,Bra010839,Bra011282,Bra012614,Bra013289,Bra013708,Bra013779,Bra014556,Bra017561,Bra018303,Bra019239,Bra019297,Bra020617,Bra020628,Bra020814,Bra021393,Bra021652,Bra021934,Bra022033,Bra022612,Bra022808,Bra023998,Bra025021,Bra026228,Bra030178,Bra030273,Bra031221,Bra032084,Bra032174,Bra032300,Bra032340,Bra036138,Bra037368,Bra038313,Bra040396,Bra040557,Bra040926,Bra041029
XX
DE  Bra001117,Bra004002,Bra004370,Bra004466,Bra005388,Bra007413,Bra007674,Bra010005,Bra010032,Bra010231,Bra010839,Bra011282,Bra012614,Bra013289,Bra013708,Bra013779,Bra014556,Bra017561,Bra018303,Bra019239,Bra019297,Bra020617,Bra020628,Bra020814,Bra021393,Bra021652,Bra021934,Bra022033,Bra022612,Bra022808,Bra023998,Bra025021,Bra026228,Bra030178,Bra030273,Bra031221,Bra032084,Bra032174,Bra032300,Bra032340,Bra036138,Bra037368,Bra038313,Bra040396,Bra040557,Bra040926,Bra041029
P0       A     C     G     T
1    33.2551 18.9956 21.8502 25.8991
2    39.1822 9.00899 43.7382 8.07056
3    1.20118 0.714124 93.0653 5.01936
4    1.56727 0.000902209 0.00276514 98.4291
5    4.58723 93.0629 1.42372 0.926145
6    88.2532 6.2352 1.87801 3.63355
7    84.9114 1.65137 10.7146 2.72266
8    21.9251 57.8372 5.97528 14.2625
9    16.0546 18.6528 45.8785 19.414
10   22.8047 28.4164 27.3022 21.4767
XX
CC  program: cis-bp
CC  matrix.nb: 1
CC  accession: M00731_2.00.txt_1
CC  AC: M00731_2.00.txt_1
CC  id: M00731_2.00.txt_1
CC  name: M00731_2.00.txt_1
CC  version: 
CC  matrix.nb: 1
CC  consensus.strict: agGTCAAcgc
CC  consensus.strict.rc: GCGTTGACCT
CC  consensus.IUPAC: wrGTCAAcgs
CC  consensus.IUPAC.rc: SCGTTGACYW
CC  consensus.regexp: [at][ag]GTCAAcg[cg]
CC  consensus.regexp.rc: [CG]CGTTGAC[CT][AT]
XX
//
AC  M00732_2.00
XX
ID  Bra000793,Bra004285,Bra006283,Bra007884,Bra008719,Bra013584,Bra016263,Bra016535,Bra023505,Bra025693,Bra027057,Bra029491,Bra031053,Bra033956,Bra034482,Bra036315,Bra040505
XX
DE  Bra000793,Bra004285,Bra006283,Bra007884,Bra008719,Bra013584,Bra016263,Bra016535,Bra023505,Bra025693,Bra027057,Bra029491,Bra031053,Bra033956,Bra034482,Bra036315,Bra040505
P0       A     C     G     T
1    37.6942 20.7686 20.7686 20.7686
2    38.5633 14.2689 14.2689 32.8989
3    48.3253 3.9829 43.7089 3.9829
4    16.7326 0.00923451 83.2489     0
5    0.00923451 0.00923451 0.00923451 99.9723
6    24.7899 75.1916 0.00923451     0
7    99.9723 0.00923451 0.00923451     0
8    91.915 0.00923451 0.00923451 8.06654
9    4.24065 79.423 4.24065 12.0957
10   10.7404 10.7404 59.9239 18.5954
11   28.1712 29.7762 21.0263 21.0263
XX
CC  program: cis-bp
CC  matrix.nb: 1
CC  accession: M00732_2.00.txt_1
CC  AC: M00732_2.00.txt_1
CC  id: M00732_2.00.txt_1
CC  name: M00732_2.00.txt_1
CC  version: 
CC  matrix.nb: 1
CC  consensus.strict: aaaGTCAACgc
CC  consensus.strict.rc: GCGTTGACTTT
CC  consensus.IUPAC: awrGTCAACgm
CC  consensus.IUPAC.rc: KCGTTGACYWT
CC  consensus.regexp: a[at][ag]GTCAACg[ac]
CC  consensus.regexp.rc: [GT]CGTTGAC[CT][AT]T
XX
//
AC  M00750_2.00
XX
ID  Bra007583,Bra010070,Bra013570,Bra013571,Bra017438,Bra017536,Bra018743,Bra019359,Bra020864,Bra024870,Bra025511,Bra029271,Bra035899,Bra038750
XX
DE  Bra007583,Bra010070,Bra013570,Bra013571,Bra017438,Bra017536,Bra018743,Bra019359,Bra020864,Bra024870,Bra025511,Bra029271,Bra035899,Bra038750
P0       A     C     G     T
1       75 8.33333 8.33333 8.33333
2       80 6.66667 6.66667 6.66667
3    73.3333 6.66667 6.66667 13.3333
4    26.6667 6.66667 6.66667    60
5    73.3333 6.66667 6.66667 13.3333
6    66.6667 6.66667 6.66667    20
7    69.2308 7.69231 7.69231 15.3846
8    16.6667 8.33333 8.33333 66.6667
XX
CC  program: cis-bp
CC  matrix.nb: 1
CC  accession: M00750_2.00.txt_1
CC  AC: M00750_2.00.txt_1
CC  id: M00750_2.00.txt_1
CC  name: M00750_2.00.txt_1
CC  version: 
CC  matrix.nb: 1
CC  consensus.strict: AAAtAaAt
CC  consensus.strict.rc: ATTTATTT
CC  consensus.IUPAC: AAAwAaAt
CC  consensus.IUPAC.rc: ATTTWTTT
CC  consensus.regexp: AAA[at]AaAt
CC  consensus.regexp.rc: ATTT[AT]TTT
XX
//
AC  M00751_2.00
XX
ID  Bra007583,Bra010070,Bra013570,Bra013571,Bra017438,Bra017536,Bra018743,Bra019359,Bra020864,Bra024870,Bra025511,Bra029271,Bra035899,Bra038750
XX
DE  Bra007583,Bra010070,Bra013570,Bra013571,Bra017438,Bra017536,Bra018743,Bra019359,Bra020864,Bra024870,Bra025511,Bra029271,Bra035899,Bra038750
P0       A     C     G     T
1    23.7374 26.4976 26.4976 23.2674
2    25.4916 27.8923 22.609 24.0071
3    23.484 23.7201 30.4572 22.3387
4    20.1961 28.6597 26.7221 24.4221
5    60.1325 0.0225178 32.0261 7.81895
6    46.6521 18.4067 0.0331311 34.908
7    39.1854 7.01678 6.41286 47.3849
8    43.512 8.35647 7.56125 40.5703
9    37.6315 16.0843 16.0843  30.2
10   30.3804 23.6603 16.1804 29.7789
XX
CC  program: cis-bp
CC  matrix.nb: 1
CC  accession: M00751_2.00.txt_1
CC  AC: M00751_2.00.txt_1
CC  id: M00751_2.00.txt_1
CC  name: M00751_2.00.txt_1
CC  version: 
CC  matrix.nb: 1
CC  consensus.strict: ccgcaataaa
CC  consensus.strict.rc: TTTATTGCGG
CC  consensus.IUPAC: smgsrwwwww
CC  consensus.IUPAC.rc: WWWWWYSCKS
CC  consensus.regexp: [cg][ac]g[cg][ag][at][at][at][at][at]
CC  consensus.regexp.rc: [AT][AT][AT][AT][AT][CT][CG]C[GT][CG]
XX
//
AC  M00840_2.00
XX
ID  Bra016763,Bra019777,Bra026963,Bra027612,Bra028290
XX
DE  Bra016763,Bra019777,Bra026963,Bra027612,Bra028290
P0       A     C     G     T
1    20.9818 26.4077 21.6208 30.9897
2    35.1707 6.23521 54.0664 4.5277
3    0.0191294 72.4917 0.00876904 27.4804
4    0.0592524 98.8943 0.0118438 1.03464
5    4.71634 0.0707242 85.7154 9.49754
6    75.9545 8.93641 6.17269 8.93641
7    12.3744 86.1105 0.0147817 1.50025
8    44.3108 15.8192 18.9391 20.9309
9    17.9241 19.8092 16.3814 45.8853
XX
CC  program: cis-bp
CC  matrix.nb: 1
CC  accession: M00840_2.00.txt_1
CC  AC: M00840_2.00.txt_1
CC  id: M00840_2.00.txt_1
CC  name: M00840_2.00.txt_1
CC  version: 
CC  matrix.nb: 1
CC  consensus.strict: tgCCGACat
CC  consensus.strict.rc: ATGTCGGCA
CC  consensus.IUPAC: yrYCGACat
CC  consensus.IUPAC.rc: ATGTCGRYR
CC  consensus.regexp: [ct][ag][CT]CGACat
CC  consensus.regexp.rc: ATGTCG[AG][CT][AG]
XX
//
AC  M00841_2.00
XX
ID  Bra005480,Bra005932,Bra006195,Bra008835,Bra009272,Bra010880,Bra019622,Bra021543,Bra021594,Bra021871,Bra023404,Bra024325,Bra027355,Bra028703,Bra029302,Bra030095,Bra031903,Bra037794
XX
DE  Bra005480,Bra005932,Bra006195,Bra008835,Bra009272,Bra010880,Bra019622,Bra021543,Bra021594,Bra021871,Bra023404,Bra024325,Bra027355,Bra028703,Bra029302,Bra030095,Bra031903,Bra037794
P0       A     C     G     T
1    25.6467 44.01 15.2475 15.0958
2    8.53395 6.38564 80.9678 4.11259
3    1.86287 87.542 7.55431 3.04079
4    11.124 82.1956 2.15783 4.52266
5    7.2657 8.19205 80.0911 4.45116
6    20.2551 45.5315 10.6803 23.533
7    26.7941 50.8145 7.08643 15.305
8    40.1276 17.6735 18.5796 23.6193
9    24.5177 21.1026 17.8035 36.5761
10   24.9916 23.302 20.8748 30.8316
XX
CC  program: cis-bp
CC  matrix.nb: 1
CC  accession: M00841_2.00.txt_1
CC  AC: M00841_2.00.txt_1
CC  id: M00841_2.00.txt_1
CC  name: M00841_2.00.txt_1
CC  version: 
CC  matrix.nb: 1
CC  consensus.strict: cGCCGccatt
CC  consensus.strict.rc: AATGGCGGCG
CC  consensus.IUPAC: mGCCGcmatt
CC  consensus.IUPAC.rc: AATKGCGGCK
CC  consensus.regexp: [ac]GCCGc[ac]att
CC  consensus.regexp.rc: AAT[GT]GCGGC[GT]
XX
//
AC  M00842_2.00
XX
ID  Bra002377,Bra003780,Bra006599,Bra015882,Bra016518,Bra020162,Bra025719,Bra031069
XX
DE  Bra002377,Bra003780,Bra006599,Bra015882,Bra016518,Bra020162,Bra025719,Bra031069
P0       A     C     G     T
1    16.4368 48.8875 11.5828 23.0928
2    48.6638 2.10631 42.3063 6.9236
3    0.0374306 97.9771 1.3699 0.615534
4    2.95088 96.7475 0.275851 0.0257867
5    0.932159 1.2211 97.4898 0.356917
6    51.0611 11.7403 14.4837 22.7149
7    4.40263 92.9631 0.595831 2.03848
8    19.5109 61.6192 6.17787 12.692
9    42.518 12.5526 18.3555 26.5739
XX
CC  program: cis-bp
CC  matrix.nb: 1
CC  accession: M00842_2.00.txt_1
CC  AC: M00842_2.00.txt_1
CC  id: M00842_2.00.txt_1
CC  name: M00842_2.00.txt_1
CC  version: 
CC  matrix.nb: 1
CC  consensus.strict: caCCGaCca
CC  consensus.strict.rc: TGGTCGGTG
CC  consensus.IUPAC: crCCGaCcw
CC  consensus.IUPAC.rc: WGGTCGGYG
CC  consensus.regexp: c[ag]CCGaCc[at]
CC  consensus.regexp.rc: [AT]GGTCGG[CT]G
XX
//
AC  M00843_2.00
XX
ID  Bra000366,Bra004878,Bra005314,Bra008952,Bra011383,Bra012693,Bra015686,Bra023026,Bra023332,Bra027177,Bra034273,Bra034535,Bra037041,Bra040092,Bra040333
XX
DE  Bra000366,Bra004878,Bra005314,Bra008952,Bra011383,Bra012693,Bra015686,Bra023026,Bra023332,Bra027177,Bra034273,Bra034535,Bra037041,Bra040092,Bra040333
P0       A     C     G     T
1    18.6445 38.6889 16.2088 26.4578
2    54.2838 2.78494 41.0268 1.90451
3    1.13867 97.5006 0.61254 0.748158
4    1.50538 95.492 1.05026 1.95237
5    2.32639 0.89076 95.0421 1.74076
6    87.1913 4.21271 2.85224 5.74371
7    1.53403 95.3826 1.38804 1.69536
8    58.9463 6.27534 25.9618 8.81652
9    23.5513 27.3627 25.7692 23.3169
XX
CC  program: cis-bp
CC  matrix.nb: 1
CC  accession: M00843_2.00.txt_1
CC  AC: M00843_2.00.txt_1
CC  id: M00843_2.00.txt_1
CC  name: M00843_2.00.txt_1
CC  version: 
CC  matrix.nb: 1
CC  consensus.strict: caCCGACac
CC  consensus.strict.rc: GTGTCGGTG
CC  consensus.IUPAC: yrCCGACrs
CC  consensus.IUPAC.rc: SYGTCGGYR
CC  consensus.regexp: [ct][ag]CCGAC[ag][cg]
CC  consensus.regexp.rc: [CG][CT]GTCGG[CT][AG]
XX
//
AC  M00844_2.00
XX
ID  Bra011744,Bra012140,Bra014056,Bra017811,Bra032173,Bra036061,Bra037124
XX
DE  Bra011744,Bra012140,Bra014056,Bra017811,Bra032173,Bra036061,Bra037124
P0       A     C     G     T
1    0.247525 49.7525 49.7525 0.247525
2    16.7219 66.3907 0.165563 16.7219
3    66.3907 0.165563 33.2781 0.165563
4    0.165563 99.5033 0.165563 0.165563
5    0.165563 99.5033 0.165563 0.165563
6    0.165563 0.165563 99.5033 0.165563
7    49.8344 33.2781 0.165563 16.7219
8    0.165563 99.5033 0.165563 0.165563
XX
CC  program: cis-bp
CC  matrix.nb: 1
CC  accession: M00844_2.00.txt_1
CC  AC: M00844_2.00.txt_1
CC  id: M00844_2.00.txt_1
CC  name: M00844_2.00.txt_1
CC  version: 
CC  matrix.nb: 1
CC  consensus.strict: ccaCCGaC
CC  consensus.strict.rc: GTCGGTGG
CC  consensus.IUPAC: scrCCGmC
CC  consensus.IUPAC.rc: GKCGGYGS
CC  consensus.regexp: [cg]c[ag]CCG[ac]C
CC  consensus.regexp.rc: G[GT]CGG[CT]G[CG]
XX
//
AC  M00845_2.00
XX
ID  Bra011741,Bra011939,Bra012139,Bra017809
XX
DE  Bra011741,Bra011939,Bra012139,Bra017809
P0       A     C     G     T
1    0.0830565 0.0830565    25 74.8339
2    61.4264 15.4141 23.0828 0.0766871
3    0.0712251 78.4188 21.4387 0.0712251
4    0.0712251 0.0712251 85.5413 14.3162
5    69.0951 0.0766871 30.7515 0.0766871
6    0.0766871 0.0766871 92.1012 7.7454
7    0.0766871 0.0766871 99.7699 0.0766871
8    27.2645 0.0905797 18.2065 54.4384
XX
CC  program: cis-bp
CC  matrix.nb: 1
CC  accession: M00845_2.00.txt_1
CC  AC: M00845_2.00.txt_1
CC  id: M00845_2.00.txt_1
CC  name: M00845_2.00.txt_1
CC  version: 
CC  matrix.nb: 1
CC  consensus.strict: TaCGAGGt
CC  consensus.strict.rc: ACCTCGTA
CC  consensus.IUPAC: TaCGRGGw
CC  consensus.IUPAC.rc: WCCYCGTA
CC  consensus.regexp: TaCG[AG]GG[at]
CC  consensus.regexp.rc: [AT]CC[CT]CGTA
XX
//
AC  M00847_2.00
XX
ID  Bra001541,Bra001588,Bra001640,Bra001784,Bra003883,Bra006325,Bra012938,Bra013310,Bra013730,Bra015266,Bra015478,Bra016063,Bra019270,Bra021200,Bra021401,Bra021543,Bra021871,Bra022176,Bra027270,Bra027355,Bra027493,Bra029319,Bra032433,Bra035732,Bra036016
XX
DE  Bra001541,Bra001588,Bra001640,Bra001784,Bra003883,Bra006325,Bra012938,Bra013310,Bra013730,Bra015266,Bra015478,Bra016063,Bra019270,Bra021200,Bra021401,Bra021543,Bra021871,Bra022176,Bra027270,Bra027355,Bra027493,Bra029319,Bra032433,Bra035732,Bra036016
P0       A     C     G     T
1    17.4441 36.7639 28.348 17.4441
2    29.5643 50.5907 9.92249 9.92249
3    0.00839207 0.00839207 99.9748     0
4    0.00839207 99.9748 0.00839207     0
5    0.00839207 99.9748 0.00839207     0
6    0.00839207 0.00839207 99.9748     0
7    0.00839207 99.9748 0.00839207     0
8    0.00839207 99.9748 0.00839207     0
9    57.6147 7.56434 17.7184 17.1026
10   24.9406 25.24 24.6694 25.15
XX
CC  program: cis-bp
CC  matrix.nb: 1
CC  accession: M00847_2.00.txt_1
CC  AC: M00847_2.00.txt_1
CC  id: M00847_2.00.txt_1
CC  name: M00847_2.00.txt_1
CC  version: 
CC  matrix.nb: 1
CC  consensus.strict: ccGCCGCCac
CC  consensus.strict.rc: GTGGCGGCGG
CC  consensus.IUPAC: smGCCGCCay
CC  consensus.IUPAC.rc: RTGGCGGCKS
CC  consensus.regexp: [cg][ac]GCCGCCa[ct]
CC  consensus.regexp.rc: [AG]TGGCGGC[GT][CG]
XX
//
AC  M00848_2.00
XX
ID  Bra003068,Bra003883,Bra004873,Bra005480,Bra005932,Bra006195,Bra008835,Bra009250,Bra009272,Bra011529,Bra012939,Bra013310,Bra014924,Bra014925,Bra015310,Bra015478,Bra016063,Bra017493,Bra017495,Bra017656,Bra019622,Bra021047,Bra021048,Bra021543,Bra021871,Bra022115,Bra022643,Bra023404,Bra023745,Bra023746,Bra023748,Bra024953,Bra024954,Bra028690,Bra028703,Bra029079,Bra029302,Bra032512,Bra032665,Bra034624,Bra035732,Bra035919,Bra037630,Bra040158,Bra040159
XX
DE  Bra003068,Bra003883,Bra004873,Bra005480,Bra005932,Bra006195,Bra008835,Bra009250,Bra009272,Bra011529,Bra012939,Bra013310,Bra014924,Bra014925,Bra015310,Bra015478,Bra016063,Bra017493,Bra017495,Bra017656,Bra019622,Bra021047,Bra021048,Bra021543,Bra021871,Bra022115,Bra022643,Bra023404,Bra023745,Bra023746,Bra023748,Bra024953,Bra024954,Bra028690,Bra028703,Bra029079,Bra029302,Bra032512,Bra032665,Bra034624,Bra035732,Bra035919,Bra037630,Bra040158,Bra040159
P0       A     C     G     T
1    25.9028 22.7451 29.4988 21.8533
2    23.205 19.3825 33.2605 24.152
3    24.9102 24.417 29.2324 21.4404
4    16.6982 41.9006 12.747 28.6542
5    22.1416 1.64454 68.5428 7.67109
6    15.6124 28.7336 33.7192 21.9347
7    17.3198 46.1479 16.8079 19.7243
XX
CC  program: cis-bp
CC  matrix.nb: 1
CC  accession: M00848_2.00.txt_1
CC  AC: M00848_2.00.txt_1
CC  id: M00848_2.00.txt_1
CC  name: M00848_2.00.txt_1
CC  version: 
CC  matrix.nb: 1
CC  consensus.strict: gggcGgc
CC  consensus.strict.rc: GCCGCCC
CC  consensus.IUPAC: rggyGsc
CC  consensus.IUPAC.rc: GSCRCCY
CC  consensus.regexp: [ag]gg[ct]G[cg]c
CC  consensus.regexp.rc: G[CG]C[AG]CC[CT]
XX
//
AC  M00849_2.00
XX
ID  Bra003068,Bra005480,Bra006195,Bra008835,Bra011529,Bra014924,Bra015310,Bra017495,Bra017656,Bra021047,Bra021048,Bra021871,Bra022115,Bra022643,Bra023404,Bra029079,Bra032512,Bra034624,Bra035919,Bra040159
XX
DE  Bra003068,Bra005480,Bra006195,Bra008835,Bra011529,Bra014924,Bra015310,Bra017495,Bra017656,Bra021047,Bra021048,Bra021871,Bra022115,Bra022643,Bra023404,Bra029079,Bra032512,Bra034624,Bra035919,Bra040159
P0       A     C     G     T
1    24.8088 39.6939 17.4825 18.0149
2    0.0248259 12.7322 77.0252 10.2178
3    0.0249199 87.1743 12.7804 0.0204027
4    14.9821 77.235 7.74349 0.0394332
5    12.3774 16.3769 71.2271 0.0186087
6    22.3816 39.5766 13.3063 24.7355
7    32.3973 42.8658 3.66224 21.0747
8    37.6939 17.1072 19.678 25.5209
9    26.8429 22.4211 17.2878 33.4483
XX
CC  program: cis-bp
CC  matrix.nb: 1
CC  accession: M00849_2.00.txt_1
CC  AC: M00849_2.00.txt_1
CC  id: M00849_2.00.txt_1
CC  name: M00849_2.00.txt_1
CC  version: 
CC  matrix.nb: 1
CC  consensus.strict: cGCCGccat
CC  consensus.strict.rc: ATGGCGGCG
CC  consensus.IUPAC: cGCCGcmww
CC  consensus.IUPAC.rc: WWKGCGGCG
CC  consensus.regexp: cGCCGc[ac][at][at]
CC  consensus.regexp.rc: [AT][AT][GT]GCGGCG
XX
//
AC  M00850_2.00
XX
ID  Bra011744,Bra012140,Bra014056,Bra017811,Bra032173,Bra036061,Bra037124
XX
DE  Bra011744,Bra012140,Bra014056,Bra017811,Bra032173,Bra036061,Bra037124
P0       A     C     G     T
1    20.8013 28.0788 26.7094 24.4105
2    20.5485 46.1912 14.4803 18.7799
3    54.696 2.94996 37.0323 5.32169
4    0.479089 93.1426 5.49661 0.881731
5    2.35154 97.0349 0.474768 0.138771
6    3.97083 5.41393 86.3989 4.21637
7    49.1439 22.7543 11.0757 17.0262
8    9.79033 75.2936 5.31959 9.59647
9    34.5266 27.7082 17.8451 19.9201
10   26.5543 25.0079 19.6719 28.7659
XX
CC  program: cis-bp
CC  matrix.nb: 1
CC  accession: M00850_2.00.txt_1
CC  AC: M00850_2.00.txt_1
CC  id: M00850_2.00.txt_1
CC  name: M00850_2.00.txt_1
CC  version: 
CC  matrix.nb: 1
CC  consensus.strict: ccaCCGaCat
CC  consensus.strict.rc: ATGTCGGTGG
CC  consensus.IUPAC: scrCCGaCmh
CC  consensus.IUPAC.rc: DKGTCGGYGS
CC  consensus.regexp: [cg]c[ag]CCGaC[ac][act]
CC  consensus.regexp.rc: [AGT][GT]GTCGG[CT]G[CG]
XX
//
AC  M00851_2.00
XX
ID  Bra002510,Bra007123,Bra020262
XX
DE  Bra002510,Bra007123,Bra020262
P0       A     C     G     T
1    32.3879 22.5374 22.5374 22.5374
2    32.3879 22.5374 22.5374 22.5374
3    29.0081 30.231 20.3805 20.3805
4    23.8224 25.0478 27.3048 23.825
5    7.29374 7.29374 7.29374 78.1188
6    70.8418 19.3323 0.0196759 9.80625
7    0.0196759 81.5267 0.0196759 18.4339
8    18.4339 0.0196759 81.5267 0.0196759
9    92.5531 2.48231 2.48231 2.48231
10   2.48231 2.48231 83.9254 11.11
11   4.63922 4.63922 86.0823 4.63922
12   20.0631 9.82239 9.82239 60.2921
13   17.7259 17.7259 17.7259 46.8222
XX
CC  program: cis-bp
CC  matrix.nb: 1
CC  accession: M00851_2.00.txt_1
CC  AC: M00851_2.00.txt_1
CC  id: M00851_2.00.txt_1
CC  name: M00851_2.00.txt_1
CC  version: 
CC  matrix.nb: 1
CC  consensus.strict: aacgTACGAGGtt
CC  consensus.strict.rc: AACCTCGTACGTT
CC  consensus.IUPAC: aamsTACGAGGtt
CC  consensus.IUPAC.rc: AACCTCGTASKTT
CC  consensus.regexp: aa[ac][cg]TACGAGGtt
CC  consensus.regexp.rc: AACCTCGTA[CG][GT]TT
XX
//
AC  M00852_2.00
XX
ID  Bra002479,Bra005465,Bra010048,Bra010776,Bra021885,Bra035910
XX
DE  Bra002479,Bra005465,Bra010048,Bra010776,Bra021885,Bra035910
P0       A     C     G     T
1    21.4109 27.2186 20.9869 30.3835
2    2.80399 8.50832 33.4832 55.2045
3    2.94681 6.11487 88.2985 2.63985
4    0.00389447 18.3899 0.820208 80.786
5    11.0608 63.6503 8.78815 16.5007
6    9.15088 24.6272 41.8399 24.3821
7    16.8399 28.8973 36.7357 17.5271
8    22.1967 29.3692 25.7889 22.6451
XX
CC  program: cis-bp
CC  matrix.nb: 1
CC  accession: M00852_2.00.txt_1
CC  AC: M00852_2.00.txt_1
CC  id: M00852_2.00.txt_1
CC  name: M00852_2.00.txt_1
CC  version: 
CC  matrix.nb: 1
CC  consensus.strict: ttGTcggc
CC  consensus.strict.rc: GCCGACAA
CC  consensus.IUPAC: ykGTcgss
