AC  M00865_2.00
XX
ID  M00865_2.00
XX
DE  dmysmywm 
P0       A     C     G     T
1    25.6337 22.0632 26.1516 26.1516
2    25.2175 27.046 23.7489 23.9876
3    22.3001 27.2374 17.1945 33.2679
4    24.7044 29.8737 27.3025 18.1193
5    32.5403 25.0903 22.0316 20.3378
6    23.1735 28.3042 19.3561 29.1662
7    26.2551 24.9746 20.0426 28.7277
8    28.9937 31.4085 23.0364 16.5614
XX
CC  program: cis-bp
CC  matrix.nb: 1
CC  accession: M00865_2.00.txt_1
CC  AC: M00865_2.00.txt_1
CC  id: M00865_2.00.txt_1
CC  name: M00865_2.00.txt_1
CC  version: 
CC  matrix.nb: 1
CC  consensus.strict: gctcattc
CC  consensus.strict.rc: GAATGAGC
CC  consensus.IUPAC: dmysmywm
CC  consensus.IUPAC.rc: KWRKSRKH
CC  consensus.regexp: [agt][ac][ct][cg][ac][ct][at][ac]
CC  consensus.regexp.rc: [GT][AT][AG][GT][CG][AG][GT][ACT]
XX
//
AC  M01250_2.00
XX
ID  M01250_2.00
XX
DE  yyAATmATkg 
P0       A     C     G     T
1    15.4185 28.9499 18.4593 37.1724
2    14.8554 39.5816 7.91187 37.6512
3    77.6126 7.3282 8.01833 7.04086
4    94.5049 2.76946 0.435462 2.29023
5    1.35478 1.46761 0.281855 96.8958
6    47.8599 33.0585 6.67439 12.4072
7    97.3681 0.537137 0.968989 1.1258
8    6.31634 3.01361 4.77379 85.8963
9    24.3186 6.17953 29.4073 40.0946
10   19.9155 23.371 37.7693 18.9442
XX
CC  program: cis-bp
CC  matrix.nb: 1
CC  accession: M01250_2.00.txt_1
CC  AC: M01250_2.00.txt_1
CC  id: M01250_2.00.txt_1
CC  name: M01250_2.00.txt_1
CC  version: 
CC  matrix.nb: 1
CC  consensus.strict: tcAATaATtg
CC  consensus.strict.rc: CAATTATTGA
CC  consensus.IUPAC: yyAATmATkg
CC  consensus.IUPAC.rc: CMATKATTRR
CC  consensus.regexp: [ct][ct]AAT[ac]AT[gt]g
CC  consensus.regexp.rc: C[AC]AT[GT]ATT[AG][AG]
XX
//
AC  M01251_2.00
XX
ID  M01251_2.00
XX
DE  yyAATmATkg 
P0       A     C     G     T
1    15.9636 27.947 19.1119 36.9775
2    14.4534 40.082 8.09242 37.3722
3    77.1102 7.42784 7.73098 7.73098
4    94.1106 3.07859 0.484068 2.32675
5    0.93345 1.14012 0.301536 97.6249
6    47.0285 31.2105 8.42121 13.3398
7    97.021 0.673631 1.29037 1.01504
8    6.63432 3.53338 4.86592 84.9664
9    23.7807 6.88176 29.3377 39.9998
10   20.0289 22.3579 36.132 21.4812
XX
CC  program: cis-bp
CC  matrix.nb: 1
CC  accession: M01251_2.00.txt_1
CC  AC: M01251_2.00.txt_1
CC  id: M01251_2.00.txt_1
CC  name: M01251_2.00.txt_1
CC  version: 
CC  matrix.nb: 1
CC  consensus.strict: tcAATaATtg
CC  consensus.strict.rc: CAATTATTGA
CC  consensus.IUPAC: yyAATmATkg
CC  consensus.IUPAC.rc: CMATKATTRR
CC  consensus.regexp: [ct][ct]AAT[ac]AT[gt]g
CC  consensus.regexp.rc: C[AC]AT[GT]ATT[AG][AG]
XX
//
AC  M02045_2.00
XX
ID  M02045_2.00
XX
DE  kwwwwwwwwm 
P0       A     C     G     T
1    10.0235 17.6975 46.7356 25.5434
2    32.6097 19.0593 7.57312 40.7579
3    62.1066 4.40147 2.13764 31.3542
4    40.393 9.17749 3.15465 47.2748
5    32.6021 16.1856 1.00888 50.2033
6    50.2033 1.00888 16.1856 32.6021
7    47.2748 3.15465 9.17749 40.393
8    31.3542 2.13764 4.40147 62.1066
9    40.7579 7.57312 19.0593 32.6097
10   25.5434 46.7356 17.6975 10.0235
XX
CC  program: cis-bp
CC  matrix.nb: 1
CC  accession: M02045_2.00.txt_1
CC  AC: M02045_2.00.txt_1
CC  id: M02045_2.00.txt_1
CC  name: M02045_2.00.txt_1
CC  version: 
CC  matrix.nb: 1
CC  consensus.strict: gtattaatac
CC  consensus.strict.rc: GTATTAATAC
CC  consensus.IUPAC: kwwwwwwwwm
CC  consensus.IUPAC.rc: KWWWWWWWWM
CC  consensus.regexp: [gt][at][at][at][at][at][at][at][at][ac]
CC  consensus.regexp.rc: [GT][AT][AT][AT][AT][AT][AT][AT][AT][AC]
XX
//
