AC  M01156_2.00
XX
ID  M01156_2.00
XX
DE  kkmCAcgtsr 
P0       A     C     G     T
1    18.5651 21.3549 28.5393 31.5408
2    13.3202 18.3436 40.4181 27.9182
3    36.3231 49.5238 10.5113 3.64171
4    2.95854 83.4874 0.0269087 13.5271
5    93.7984 0.00338347 6.17895 0.0192768
6    8.83776 60.282 18.7095 12.1707
7    14.6644 19.4029 56.004 9.92864
8    16.2411 17.7706 14.6956 51.2926
9    24.6395 26.9599 28.627 19.7736
10   29.3459 14.7192 33.7558 22.1791
XX
CC  program: cis-bp
CC  matrix.nb: 1
CC  accession: M01156_2.00.txt_1
CC  AC: M01156_2.00.txt_1
CC  id: M01156_2.00.txt_1
CC  name: M01156_2.00.txt_1
CC  version: 
CC  matrix.nb: 1
CC  consensus.strict: tgcCAcgtgg
CC  consensus.strict.rc: CCACGTGGCA
CC  consensus.IUPAC: kkmCAcgtsr
CC  consensus.IUPAC.rc: YSACGTGKMM
CC  consensus.regexp: [gt][gt][ac]CAcgt[cg][ag]
CC  consensus.regexp.rc: [CT][CG]ACGTG[GT][AC][AC]
XX
//
AC  M01160_2.00
XX
ID  M01160_2.00
XX
DE  dkkMCACGTr 
P0       A     C     G     T
1    37.3896 11.7211 25.063 25.8263
2    13.2714 16.7033 27.2651 42.7602
3    4.57295 4.75957 54.0634 36.604
4    26.8831 71.6289 1.46448 0.023553
5    1.67513 94.2443 0.161361 3.91921
6    96.0392 0.0776733 3.76127 0.121816
7    5.29311 78.76 10.0383 5.90858
8    8.85209 6.42794 83.1506 1.56934
9    5.0501 4.90085 2.74398 87.3051
10   27.7511 21.8298 45.2985 5.12062
XX
CC  program: cis-bp
CC  matrix.nb: 1
CC  accession: M01160_2.00.txt_1
CC  AC: M01160_2.00.txt_1
CC  id: M01160_2.00.txt_1
CC  name: M01160_2.00.txt_1
CC  version: 
CC  matrix.nb: 1
CC  consensus.strict: atgCCACGTg
CC  consensus.strict.rc: CACGTGGCAT
CC  consensus.IUPAC: dkkMCACGTr
CC  consensus.IUPAC.rc: YACGTGKMMH
CC  consensus.regexp: [agt][gt][gt][AC]CACGT[ag]
CC  consensus.regexp.rc: [CT]ACGTG[GT][AC][AC][ACT]
XX
//
AC  M01770_2.00
XX
ID  M01770_2.00
XX
DE  kmCAcgtsd 
P0       A     C     G     T
1    10.1089 13.3754 47.6279 28.8878
2    38.204 54.2141 7.33708 0.244862
3    1.67315 95.0789 0.0107238 3.2372
4    91.3769 0.022259 5.84153 2.75934
5    8.75289 63.3949 16.271 11.5812
6    13.1352 14.8099 65.0592 6.99571
7    11.1213 13.7202 13.051 62.1075
8    22.0298 26.3745 33.1949 18.4008
9    28.949 12.2501 33.6339 25.167
XX
CC  program: cis-bp
CC  matrix.nb: 1
CC  accession: M01770_2.00.txt_1
CC  AC: M01770_2.00.txt_1
CC  id: M01770_2.00.txt_1
CC  name: M01770_2.00.txt_1
CC  version: 
CC  matrix.nb: 1
CC  consensus.strict: gcCAcgtgg
CC  consensus.strict.rc: CCACGTGGC
CC  consensus.IUPAC: kmCAcgtsd
CC  consensus.IUPAC.rc: HSACGTGKM
CC  consensus.regexp: [gt][ac]CAcgt[cg][agt]
CC  consensus.regexp.rc: [ACT][CG]ACGTG[GT][AC]
XX
//
AC  M01779_2.00
XX
ID  M01779_2.00
XX
DE  kkmCAcgTvr 
P0       A     C     G     T
1    20.5506 18.5949 28.3008 32.5537
2    12.022 14.2497 40.7207 33.0076
3    39.7503 54.1965 5.94539 0.10781
4    3.91918 88.7552 0.0401908 7.28547
5    89.6076 1.27818 4.32945 4.78478
6    9.177 65.8053 17.5789 7.43874
7    13.5755 16.9161 65.2527 4.25573
8    8.14401 10.3531 8.73451 72.7684
9    29.8239 32.9605 26.9858 10.2298
10   37.1617 10.8621 31.9853 19.9909
XX
CC  program: cis-bp
CC  matrix.nb: 1
CC  accession: M01779_2.00.txt_1
CC  AC: M01779_2.00.txt_1
CC  id: M01779_2.00.txt_1
CC  name: M01779_2.00.txt_1
CC  version: 
CC  matrix.nb: 1
CC  consensus.strict: tgcCAcgTca
CC  consensus.strict.rc: TGACGTGGCA
CC  consensus.IUPAC: kkmCAcgTvr
CC  consensus.IUPAC.rc: YBACGTGKMM
CC  consensus.regexp: [gt][gt][ac]CAcgT[acg][ag]
CC  consensus.regexp.rc: [CT][CGT]ACGTG[GT][AC][AC]
XX
//
AC  M01781_2.00
XX
ID  M01781_2.00
XX
DE  kmCAcgtsr 
P0       A     C     G     T
1    12.2121 17.1573 42.6244 28.0062
2    37.3301 50.3904 10.8028 1.47669
3    2.57739 87.9506 0.29428 9.17769
4    93.9211 0.159208 5.65452 0.265127
5    8.50795 59.2047 21.9991 10.2882
6    13.5011 20.1412 59.3095 7.04818
7    14.2096 18.2455 14.3524 53.1925
8    24.7171 28.1485 29.0058 18.1287
9    30.9132 14.1708 35.2048 19.7111
XX
CC  program: cis-bp
CC  matrix.nb: 1
CC  accession: M01781_2.00.txt_1
CC  AC: M01781_2.00.txt_1
CC  id: M01781_2.00.txt_1
CC  name: M01781_2.00.txt_1
CC  version: 
CC  matrix.nb: 1
CC  consensus.strict: gcCAcgtgg
CC  consensus.strict.rc: CCACGTGGC
CC  consensus.IUPAC: kmCAcgtsr
CC  consensus.IUPAC.rc: YSACGTGKM
CC  consensus.regexp: [gt][ac]CAcgt[cg][ag]
CC  consensus.regexp.rc: [CT][CG]ACGTG[GT][AC]
XX
//
AC  M01783_2.00
XX
ID  M01783_2.00
XX
DE  ysACGTGkmm 
P0       A     C     G     T
1    19.4982 33.1261 7.31789 40.0578
2    6.25656 31.9327 40.1905 21.6203
3    86.3019 3.58892 5.40785 4.70136
4    1.60117 78.3149 11.1422 8.9418
5    5.79167 13.5505 75.6729 4.98494
6    2.05963 2.6183 0.450465 94.8716
7    4.5651 2.2685e-08 95.4344     0
8    0.0119266 5.16042 61.0088 33.8188
9    27.9665 53.5709 10.2883 8.17439
10   36.204 29.3464 15.1677 19.2819
XX
CC  program: cis-bp
CC  matrix.nb: 1
CC  accession: M01783_2.00.txt_1
CC  AC: M01783_2.00.txt_1
CC  id: M01783_2.00.txt_1
CC  name: M01783_2.00.txt_1
CC  version: 
CC  matrix.nb: 1
CC  consensus.strict: tgACGTGgca
CC  consensus.strict.rc: TGCCACGTCA
CC  consensus.IUPAC: ysACGTGkmm
CC  consensus.IUPAC.rc: KKMCACGTSR
CC  consensus.regexp: [ct][cg]ACGTG[gt][ac][ac]
CC  consensus.regexp.rc: [GT][GT][AC]CACGT[CG][AG]
XX
//
AC  M02659_2.00
XX
ID  M02659_2.00
XX
DE  CCACGTsW 
P0       A     C     G     T
1        0 92.3077 7.69231     0
2        0 92.3077 7.69231     0
3      100     0     0     0
4        0   100     0     0
5    7.69231     0 92.3077     0
6        0     0     0   100
7    7.69231 30.7692 53.8462 7.69231
8    30.7692     0     0 69.2308
XX
CC  program: cis-bp
CC  matrix.nb: 1
CC  accession: M02659_2.00.txt_1
CC  AC: M02659_2.00.txt_1
CC  id: M02659_2.00.txt_1
CC  name: M02659_2.00.txt_1
CC  version: 
CC  matrix.nb: 1
CC  consensus.strict: CCACGTgT
CC  consensus.strict.rc: ACACGTGG
CC  consensus.IUPAC: CCACGTsW
CC  consensus.IUPAC.rc: WSACGTGG
CC  consensus.regexp: CCACGT[cg][AT]
CC  consensus.regexp.rc: [AT][CG]ACGTGG
XX
//
AC  M06752_2.00
XX
ID  M06752_2.00
XX
DE  dwwkstsACGTGGCa 
P0       A     C     G     T
1       31    11 31.8333 26.1667
2     37.5 13.6667 20.3333  28.5
3     28.5 11.3333 12.6667  47.5
4    12.3333 4.6667 57.3333 25.6667
5    22.3333 35.3333 26.8333  15.5
6     21.5 23.8333 0.1667  54.5
7    0.3333    39    51 9.6667
8    99.8333 0.1667     0     0
9        0    99 0.6667 0.3333
10       1 0.6667 98.1667 0.1667
11       0     0     0   100
12   0.3333     0 99.6667     0
13       0 0.1667 82.1667 17.6667
14      16 83.6667     0 0.3333
15    63.5     7    21   8.5
XX
CC  program: cis-bp
CC  matrix.nb: 1
CC  accession: M06752_2.00.txt_1
CC  AC: M06752_2.00.txt_1
CC  id: M06752_2.00.txt_1
CC  name: M06752_2.00.txt_1
CC  version: 
CC  matrix.nb: 1
CC  consensus.strict: gatgctgACGTGGCa
CC  consensus.strict.rc: TGCCACGTCAGCATC
CC  consensus.IUPAC: dwwkstsACGTGGCa
CC  consensus.IUPAC.rc: TGCCACGTSASMWWH
CC  consensus.regexp: [agt][at][at][gt][cg]t[cg]ACGTGGCa
CC  consensus.regexp.rc: TGCCACGT[CG]A[CG][AC][AT][AT][ACT]
XX
//
AC  M06764_2.00
XX
ID  M06764_2.00
XX
DE  dwwkstsACGTGGCA 
P0       A     C     G     T
1    36.3484 9.7152 26.6332 27.3032
2    38.191 10.8878 18.4255 32.4958
3    30.3183 8.3752 12.7303 48.5762
4    8.7102 2.0101 60.804 28.4757
5    22.1106 38.526 29.3132 10.0503
6    16.0804 23.6181     0 60.3015
7        0 34.8409 56.9514 8.2077
8      100     0     0     0
9        0 99.1625     0 0.8375
10   0.8375     0 99.1625     0
11       0     0     0   100
12       0     0   100     0
13       0     0 85.0921 14.9079
14   9.7152 90.2848     0     0
15   73.5343 6.8677 15.0754 4.5226
XX
CC  program: cis-bp
CC  matrix.nb: 1
CC  accession: M06764_2.00.txt_1
CC  AC: M06764_2.00.txt_1
CC  id: M06764_2.00.txt_1
CC  name: M06764_2.00.txt_1
CC  version: 
CC  matrix.nb: 1
CC  consensus.strict: aatgctgACGTGGCA
CC  consensus.strict.rc: TGCCACGTCAGCATT
CC  consensus.IUPAC: dwwkstsACGTGGCA
CC  consensus.IUPAC.rc: TGCCACGTSASMWWH
CC  consensus.regexp: [agt][at][at][gt][cg]t[cg]ACGTGGCA
CC  consensus.regexp.rc: TGCCACGT[CG]A[CG][AC][AT][AT][ACT]
XX
//
AC  M06765_2.00
XX
ID  M06765_2.00
XX
DE  dwwksysACGTGGCA 
P0       A     C     G     T
1    34.5118 11.7845 26.936 26.7677
2    38.2155 8.7542 19.5286 33.5017
3    30.6397 10.101 12.6263 46.633
4    8.7542 4.7138 56.229 30.303
5    16.33 29.2929 42.7609 11.6162
6    24.4108 28.6195     0 46.9697
7        0 50.8418 44.6128 4.5455
8      100     0     0     0
9        0 98.6532 1.1785 0.1684
10       0 1.1785 98.8215     0
11       0     0     0   100
12       0     0   100     0
13       0     0 89.0572 10.9428
14   5.5556 94.4444     0     0
15   78.1145 3.7037 15.8249 2.3569
XX
CC  program: cis-bp
CC  matrix.nb: 1
CC  accession: M06765_2.00.txt_1
CC  AC: M06765_2.00.txt_1
CC  id: M06765_2.00.txt_1
CC  name: M06765_2.00.txt_1
CC  version: 
CC  matrix.nb: 1
CC  consensus.strict: aatggtcACGTGGCA
CC  consensus.strict.rc: TGCCACGTGACCATT
CC  consensus.IUPAC: dwwksysACGTGGCA
CC  consensus.IUPAC.rc: TGCCACGTSRSMWWH
CC  consensus.regexp: [agt][at][at][gt][cg][ct][cg]ACGTGGCA
CC  consensus.regexp.rc: TGCCACGT[CG][AG][CG][AC][AT][AT][ACT]
XX
//
AC  M06770_2.00
XX
ID  M06770_2.00
XX
DE  dwwkvwsACGTGKCa 
P0       A     C     G     T
1    31.903 9.1418 28.7313 30.2239
2    29.4776 22.7612 22.7612    25
3    33.3955 15.1119 11.0075 40.4851
4    14.7388 11.9403 47.3881 25.9328
5       25 26.4925 28.3582 20.1493
6    31.5299    25 1.306 42.1642
7    1.1194    50 39.5522 9.3284
8    99.8134     0 0.1866     0
9        0 93.4701 2.9851 3.5448
10   2.6119 1.8657 94.2164 1.306
11       0     0 0.1866 99.8134
12       0     0   100     0
13       0 0.7463 72.7612 26.4925
14   23.694 72.0149 0.3731 3.9179
15   49.8134 9.8881 22.3881 17.9104
XX
CC  program: cis-bp
CC  matrix.nb: 1
CC  accession: M06770_2.00.txt_1
CC  AC: M06770_2.00.txt_1
CC  id: M06770_2.00.txt_1
CC  name: M06770_2.00.txt_1
CC  version: 
CC  matrix.nb: 1
CC  consensus.strict: aatggtcACGTGGCa
CC  consensus.strict.rc: TGCCACGTGACCATT
CC  consensus.IUPAC: dwwkvwsACGTGKCa
CC  consensus.IUPAC.rc: TGMCACGTSWBMWWH
CC  consensus.regexp: [agt][at][at][gt][acg][at][cg]ACGTG[GT]Ca
CC  consensus.regexp.rc: TG[AC]CACGT[CG][AT][CGT][AC][AT][AT][ACT]
XX
//
AC  M06771_2.00
XX
ID  M06771_2.00
XX
DE  dwwkstsACGTGGCA 
P0       A     C     G     T
1    34.2282 9.0604 28.3557 28.3557
2    38.255 11.2416 19.1275 31.3758
3    30.3691 6.5436 12.0805 51.0067
4    4.8658 2.0134 66.1074 27.0134
5    23.9933 42.1141 27.8523 6.0403
6    11.745 22.4832     0 65.7718
7    0.3356 28.5235 62.7517 8.3893
8      100     0     0     0
9        0 99.1611 0.3356 0.5034
10       0 0.5034 99.4966     0
11       0     0     0   100
12       0     0   100     0
13       0     0 85.906 14.094
14   10.2349 89.2617 0.1678 0.3356
15   71.9799 6.5436 15.4362 6.0403
XX
CC  program: cis-bp
CC  matrix.nb: 1
CC  accession: M06771_2.00.txt_1
CC  AC: M06771_2.00.txt_1
CC  id: M06771_2.00.txt_1
CC  name: M06771_2.00.txt_1
CC  version: 
CC  matrix.nb: 1
CC  consensus.strict: aatgctgACGTGGCA
CC  consensus.strict.rc: TGCCACGTCAGCATT
CC  consensus.IUPAC: dwwkstsACGTGGCA
CC  consensus.IUPAC.rc: TGCCACGTSASMWWH
CC  consensus.regexp: [agt][at][at][gt][cg]t[cg]ACGTGGCA
CC  consensus.regexp.rc: TGCCACGT[CG]A[CG][AC][AT][AT][ACT]
XX
//
