AC  M00843_2.00
XX
ID  M00843_2.00
XX
DE  yrCCGACrs 
P0       A     C     G     T
1    18.6445 38.6889 16.2088 26.4578
2    54.2838 2.78494 41.0268 1.90451
3    1.13867 97.5006 0.61254 0.748158
4    1.50538 95.492 1.05026 1.95237
5    2.32639 0.89076 95.0421 1.74076
6    87.1913 4.21271 2.85224 5.74371
7    1.53403 95.3826 1.38804 1.69536
8    58.9463 6.27534 25.9618 8.81652
9    23.5513 27.3627 25.7692 23.3169
XX
CC  program: cis-bp
CC  matrix.nb: 1
CC  accession: M00843_2.00.txt_1
CC  AC: M00843_2.00.txt_1
CC  id: M00843_2.00.txt_1
CC  name: M00843_2.00.txt_1
CC  version: 
CC  matrix.nb: 1
CC  consensus.strict: caCCGACac
CC  consensus.strict.rc: GTGTCGGTG
CC  consensus.IUPAC: yrCCGACrs
CC  consensus.IUPAC.rc: SYGTCGGYR
CC  consensus.regexp: [ct][ag]CCGAC[ag][cg]
CC  consensus.regexp.rc: [CG][CT]GTCGG[CT][AG]
XX
//
AC  M01620_2.00
XX
ID  M01620_2.00
XX
DE  ycrCCGaCay 
P0       A     C     G     T
1    19.7552 31.6082 22.4978 26.1387
2    19.0297 39.4882 17.0475 24.4346
3    52.4125 3.93199 41.6435 2.01203
4    0.733177 96.5086 0.843355 1.91484
5    1.20336 98.0147 0.166147 0.61577
6    0.479079 0.247613 98.9002 0.373107
7    65.9609 14.0001 8.57681 11.4623
8    3.3644 91.2179 1.09774 4.31998
9    47.2645 12.0102 24.1856 16.5396
10   24.0394 27.3767 23.5634 25.0205
XX
CC  program: cis-bp
CC  matrix.nb: 1
CC  accession: M01620_2.00.txt_1
CC  AC: M01620_2.00.txt_1
CC  id: M01620_2.00.txt_1
CC  name: M01620_2.00.txt_1
CC  version: 
CC  matrix.nb: 1
CC  consensus.strict: ccaCCGaCac
CC  consensus.strict.rc: GTGTCGGTGG
CC  consensus.IUPAC: ycrCCGaCay
CC  consensus.IUPAC.rc: RTGTCGGYGR
CC  consensus.regexp: [ct]c[ag]CCGaCa[ct]
CC  consensus.regexp.rc: [AG]TGTCGG[CT]G[AG]
XX
//
AC  M01623_2.00
XX
ID  M01623_2.00
XX
DE  rCCGACAT 
P0       A     C     G     T
1    49.5098 0.490196 49.5098 0.490196
2    0.328947 99.0132 0.328947 0.328947
3    0.328947 99.0132 0.328947 0.328947
4    0.328947 0.328947 99.0132 0.328947
5    99.0132 0.328947 0.328947 0.328947
6    0.328947 99.0132 0.328947 0.328947
7    99.0132 0.328947 0.328947 0.328947
8    0.328947 0.328947 0.328947 99.0132
XX
CC  program: cis-bp
CC  matrix.nb: 1
CC  accession: M01623_2.00.txt_1
CC  AC: M01623_2.00.txt_1
CC  id: M01623_2.00.txt_1
CC  name: M01623_2.00.txt_1
CC  version: 
CC  matrix.nb: 1
CC  consensus.strict: aCCGACAT
CC  consensus.strict.rc: ATGTCGGT
CC  consensus.IUPAC: rCCGACAT
CC  consensus.IUPAC.rc: ATGTCGGY
CC  consensus.regexp: [ag]CCGACAT
CC  consensus.regexp.rc: ATGTCGG[CT]
XX
//
AC  M01624_2.00
XX
ID  M01624_2.00
XX
DE  yrCCGACata 
P0       A     C     G     T
1    15.4317 26.6626 20.7897 37.116
2    43.6464 1.45063 53.3365 1.56652
3    1.612 89.3602 0.00928564 9.01848
4    3.99968 88.8378 0.370795 6.79176
5    3.00674 2.53794e-09 95.9278 1.06553
6    95.9501 0.20152 1.10673 2.74159
7    0.704446 95.8031 0.302142 3.19035
8    52.1876 13.8685 21.0702 12.8737
9    18.3023 16.7552 13.8173 51.1252
10   30.8582 24.5692 22.0841 22.4885
XX
CC  program: cis-bp
CC  matrix.nb: 1
CC  accession: M01624_2.00.txt_1
CC  AC: M01624_2.00.txt_1
CC  id: M01624_2.00.txt_1
CC  name: M01624_2.00.txt_1
CC  version: 
CC  matrix.nb: 1
CC  consensus.strict: tgCCGACata
CC  consensus.strict.rc: TATGTCGGCA
CC  consensus.IUPAC: yrCCGACata
CC  consensus.IUPAC.rc: TATGTCGGYR
CC  consensus.regexp: [ct][ag]CCGACata
CC  consensus.regexp.rc: TATGTCGG[CT][AG]
XX
//
AC  M01625_2.00
XX
ID  M01625_2.00
XX
DE  yyrCCGACat 
P0       A     C     G     T
1    15.1887 32.1544 20.5025 32.1544
2    13.9961 27.9042 24.0174 34.0823
3    46.0825 1.87842 50.4223 1.61677
4    0.307931 94.8331 0.0420927 4.81684
5    0.618106 99.3755 2.72326e-05     0
6    0.0662537 0.392875 99.061 0.479858
7    97.3203 0.25615 1.37439 1.04918
8    0.0615581 99.706 0.0474645 0.184931
9    56.5246 13.6628 15.8739 13.9388
10   16.5673 12.6471 11.7921 58.9936
XX
CC  program: cis-bp
CC  matrix.nb: 1
CC  accession: M01625_2.00.txt_1
CC  AC: M01625_2.00.txt_1
CC  id: M01625_2.00.txt_1
CC  name: M01625_2.00.txt_1
CC  version: 
CC  matrix.nb: 1
CC  consensus.strict: ctgCCGACat
CC  consensus.strict.rc: ATGTCGGCAG
CC  consensus.IUPAC: yyrCCGACat
CC  consensus.IUPAC.rc: ATGTCGGYRR
CC  consensus.regexp: [ct][ct][ag]CCGACat
CC  consensus.regexp.rc: ATGTCGG[CT][AG][AG]
XX
//
AC  M01627_2.00
XX
ID  M01627_2.00
XX
DE  cACCGACA 
P0       A     C     G     T
1    10.0598 59.8606 10.0598 20.0199
2    74.8753 0.0623441    25 0.0623441
3    0.0623441 99.813 0.0623441 0.0623441
4    0.0623441 99.813 0.0623441 0.0623441
5    0.0623441 0.0623441 99.813 0.0623441
6    99.813 0.0623441 0.0623441 0.0623441
7    0.0623441 99.813 0.0623441 0.0623441
8    92.1012 0.0766871 7.7454 0.0766871
XX
CC  program: cis-bp
CC  matrix.nb: 1
CC  accession: M01627_2.00.txt_1
CC  AC: M01627_2.00.txt_1
CC  id: M01627_2.00.txt_1
CC  name: M01627_2.00.txt_1
CC  version: 
CC  matrix.nb: 1
CC  consensus.strict: cACCGACA
CC  consensus.strict.rc: TGTCGGTG
CC  consensus.IUPAC: cACCGACA
CC  consensus.IUPAC.rc: TGTCGGTG
CC  consensus.regexp: cACCGACA
CC  consensus.regexp.rc: TGTCGGTG
XX
//
AC  M06599_2.00
XX
ID  M06599_2.00
XX
DE  yCRCCGACAmwwwy 
P0       A     C     G     T
1    7.8595 51.3378 10.8696 29.9331
2    6.1873 74.5819 5.1839 14.0468
3    74.0803     0 25.9197     0
4        0   100     0     0
5        0   100     0     0
6        0     0   100     0
7    98.495 0.5017     0 1.0033
8        0   100     0     0
9    88.4615     0 10.3679 1.1706
10   38.796 33.2776 11.7057 16.2207
11   38.2943 18.3946 6.5217 36.7893
12   31.4381 13.2107 18.7291 36.6221
13   25.7525 23.7458 16.8896 33.612
14   22.7425 35.6187 10.3679 31.2709
XX
CC  program: cis-bp
CC  matrix.nb: 1
CC  accession: M06599_2.00.txt_1
CC  AC: M06599_2.00.txt_1
CC  id: M06599_2.00.txt_1
CC  name: M06599_2.00.txt_1
CC  version: 
CC  matrix.nb: 1
CC  consensus.strict: cCACCGACAaattc
CC  consensus.strict.rc: GAATTTGTCGGTGG
CC  consensus.IUPAC: yCRCCGACAmwwwy
CC  consensus.IUPAC.rc: RWWWKTGTCGGYGR
CC  consensus.regexp: [ct]C[AG]CCGACA[ac][at][at][at][ct]
CC  consensus.regexp.rc: [AG][AT][AT][AT][GT]TGTCGG[CT]G[AG]
XX
//
AC  M06600_2.00
XX
ID  M06600_2.00
XX
DE  dycACCGACAmw 
P0       A     C     G     T
1    27.8057 13.5678 26.6332 31.9933
2    15.5779 30.1508 14.2379 40.0335
3    8.8777 62.3116 7.7052 21.1055
4    78.392     0 21.608     0
5        0 99.8325     0 0.1675
6        0   100     0     0
7        0     0   100     0
8    99.4975     0     0 0.5025
9        0   100     0     0
10   93.6348     0 6.1977 0.1675
11   36.8509 31.1558 10.5528 21.4405
12   32.3283 17.4204 13.0653 37.1859
XX
CC  program: cis-bp
CC  matrix.nb: 1
CC  accession: M06600_2.00.txt_1
CC  AC: M06600_2.00.txt_1
CC  id: M06600_2.00.txt_1
CC  name: M06600_2.00.txt_1
CC  version: 
CC  matrix.nb: 1
CC  consensus.strict: ttcACCGACAat
CC  consensus.strict.rc: ATTGTCGGTGAA
CC  consensus.IUPAC: dycACCGACAmw
CC  consensus.IUPAC.rc: WKTGTCGGTGRH
CC  consensus.regexp: [agt][ct]cACCGACA[ac][at]
CC  consensus.regexp.rc: [AT][GT]TGTCGGTG[AG][ACT]
XX
//
AC  M06608_2.00
XX
ID  M06608_2.00
XX
DE  ycdycdyCRCCGACA 
P0       A     C     G     T
1    18.7291 37.1237 13.2107 30.9365
2    21.5719 41.9732 12.3746 24.0803
3    31.6054 14.3813 26.2542 27.7592
4    24.2475 34.2809 11.7057 29.7659
5    22.5753 46.6555 9.5318 21.2375
6    25.2508 9.699 31.9398 33.1104
7    9.3645 52.6756 8.0268 29.9331
8    6.5217 82.107 1.6722 9.699
9    74.7492     0 25.2508     0
10       0   100     0     0
11       0   100     0     0
12       0     0   100     0
13   80.2676 8.194 0.6689 10.8696
14   0.1672 99.8328     0     0
15   74.9164     0 20.4013 4.6823
XX
CC  program: cis-bp
CC  matrix.nb: 1
CC  accession: M06608_2.00.txt_1
CC  AC: M06608_2.00.txt_1
CC  id: M06608_2.00.txt_1
CC  name: M06608_2.00.txt_1
CC  version: 
CC  matrix.nb: 1
CC  consensus.strict: ccacctcCACCGACA
CC  consensus.strict.rc: TGTCGGTGGAGGTGG
CC  consensus.IUPAC: ycdycdyCRCCGACA
CC  consensus.IUPAC.rc: TGTCGGYGRHGRHGR
CC  consensus.regexp: [ct]c[agt][ct]c[agt][ct]C[AG]CCGACA
CC  consensus.regexp.rc: TGTCGG[CT]G[AG][ACT]G[AG][ACT]G[AG]
XX
//
AC  M06614_2.00
XX
ID  M06614_2.00
XX
DE  hydyCACCGACAmwd 
P0       A     C     G     T
1    29.8214 29.2857 13.9286 26.9643
2    24.1071 38.75 11.25 25.8929
3    28.75 12.6786 26.7857 31.7857
4    8.5714 51.25 12.6786  27.5
5    5.8929  77.5 3.3929 13.2143
6    79.6429     0 20.3571     0
7        0   100     0     0
8        0   100     0     0
9        0     0   100     0
10   94.2857   2.5     0 3.2143
11       0   100     0     0
12      80 0.3571 15.1786 4.4643
13      35 32.8571 15.8929 16.25
14   31.9643 23.9286 9.8214 34.2857
15   29.2857 11.7857  27.5 31.4286
XX
CC  program: cis-bp
CC  matrix.nb: 1
CC  accession: M06614_2.00.txt_1
CC  AC: M06614_2.00.txt_1
CC  id: M06614_2.00.txt_1
CC  name: M06614_2.00.txt_1
CC  version: 
CC  matrix.nb: 1
CC  consensus.strict: actcCACCGACAatt
CC  consensus.strict.rc: AATTGTCGGTGGAGT
CC  consensus.IUPAC: hydyCACCGACAmwd
CC  consensus.IUPAC.rc: HWKTGTCGGTGRHRD
CC  consensus.regexp: [act][ct][agt][ct]CACCGACA[ac][at][agt]
CC  consensus.regexp.rc: [ACT][AT][GT]TGTCGGTG[AG][ACT][AG][AGT]
XX
//
AC  M06615_2.00
XX
ID  M06615_2.00
XX
DE  ydyCACCGACAmw 
P0       A     C     G     T
1    22.8956 33.67 16.835 26.5993
2    26.431 11.9529 27.1044 34.5118
3    7.2391 46.2963 15.6566 30.8081
4    5.7239 80.303 4.2088 9.7643
5    84.6801     0 15.3199     0
6        0   100     0     0
7        0   100     0     0
8        0     0   100     0
9    99.6633     0     0 0.3367
10       0   100     0     0
11   89.2256 0.1684 8.0808 2.5253
12   33.8384 32.9966 14.4781 18.6869
13   29.798 20.8754 9.9327 39.3939
XX
CC  program: cis-bp
CC  matrix.nb: 1
CC  accession: M06615_2.00.txt_1
CC  AC: M06615_2.00.txt_1
CC  id: M06615_2.00.txt_1
CC  name: M06615_2.00.txt_1
CC  version: 
CC  matrix.nb: 1
CC  consensus.strict: ctcCACCGACAat
CC  consensus.strict.rc: ATTGTCGGTGGAG
CC  consensus.IUPAC: ydyCACCGACAmw
CC  consensus.IUPAC.rc: WKTGTCGGTGRHR
CC  consensus.regexp: [ct][agt][ct]CACCGACA[ac][at]
CC  consensus.regexp.rc: [AT][GT]TGTCGGTG[AG][ACT][AG]
XX
//
AC  M06618_2.00
XX
ID  M06618_2.00
XX
DE  ydyCACCGACAmww 
P0       A     C     G     T
1    24.5989 33.3333 12.8342 29.2335
2    27.9857 12.1212 29.4118 30.4813
3    12.656 47.7718 14.4385 25.1337
4    8.3779 79.1444 3.5651 8.9127
5    82.5312 2.852 9.8039 4.8128
6        0 98.9305     0 1.0695
7        0   100     0     0
8    0.3565     0 99.6435     0
9    99.1087 0.8913     0     0
10   4.4563 85.3832 5.7041 4.4563
11   77.5401 5.8824 9.8039 6.7736
12   35.1159 30.303 13.9037 20.6774
13   32.2638 20.3209 11.4082 36.0071
14   35.2941 16.5775 19.0731 29.0553
XX
CC  program: cis-bp
CC  matrix.nb: 1
CC  accession: M06618_2.00.txt_1
CC  AC: M06618_2.00.txt_1
CC  id: M06618_2.00.txt_1
CC  name: M06618_2.00.txt_1
CC  version: 
CC  matrix.nb: 1
CC  consensus.strict: ctcCACCGACAata
CC  consensus.strict.rc: TATTGTCGGTGGAG
CC  consensus.IUPAC: ydyCACCGACAmww
CC  consensus.IUPAC.rc: WWKTGTCGGTGRHR
CC  consensus.regexp: [ct][agt][ct]CACCGACA[ac][at][at]
CC  consensus.regexp.rc: [AT][AT][GT]TGTCGGTG[AG][ACT][AG]
XX
//
AC  M06619_2.00
XX
ID  M06619_2.00
XX
DE  yCACCGACAmwwwy 
P0       A     C     G     T
1    7.6923 47.4916 16.0535 28.7625
2    2.1739 94.4816 2.3411 1.0033
3    92.9766     0 7.0234     0
4        0   100     0     0
5        0   100     0     0
6        0     0   100     0
7      100     0     0     0
8        0   100     0     0
9    98.9967     0 1.0033     0
10   39.7993 31.4381 12.3746 16.388
11   39.1304 12.3746 5.3512 43.1438
12   34.9498 14.0468 15.7191 35.2843
13   27.4247 22.2408 12.709 37.6254
14   23.5786 27.4247 14.0468 34.9498
XX
CC  program: cis-bp
CC  matrix.nb: 1
CC  accession: M06619_2.00.txt_1
CC  AC: M06619_2.00.txt_1
CC  id: M06619_2.00.txt_1
CC  name: M06619_2.00.txt_1
CC  version: 
CC  matrix.nb: 1
CC  consensus.strict: cCACCGACAatttt
CC  consensus.strict.rc: AAAATTGTCGGTGG
CC  consensus.IUPAC: yCACCGACAmwwwy
CC  consensus.IUPAC.rc: RWWWKTGTCGGTGR
CC  consensus.regexp: [ct]CACCGACA[ac][at][at][at][ct]
CC  consensus.regexp.rc: [AG][AT][AT][AT][GT]TGTCGGTG[AG]
XX
//
AC  M06631_2.00
XX
ID  M06631_2.00
XX
DE  yCACCGACAmwwwy 
P0       A     C     G     T
1    5.1282 55.2137 12.1368 27.5214
2    6.4957 80.6838 3.2479 9.5726
3    86.6667     0 13.3333     0
4        0   100     0     0
5        0   100     0     0
6        0     0   100     0
7      100     0     0     0
8        0   100     0     0
9    96.7521     0 2.735 0.5128
10   37.9487 36.4103 12.9915 12.6496
11   39.8291 12.8205 7.0085 40.3419
12   36.0684 12.3077 17.7778 33.8462
13   30.4274 20.8547 15.0427 33.6752
14   24.4444 30.2564 11.1111 34.188
XX
CC  program: cis-bp
CC  matrix.nb: 1
CC  accession: M06631_2.00.txt_1
CC  AC: M06631_2.00.txt_1
CC  id: M06631_2.00.txt_1
CC  name: M06631_2.00.txt_1
CC  version: 
CC  matrix.nb: 1
CC  consensus.strict: cCACCGACAatatt
CC  consensus.strict.rc: AATATTGTCGGTGG
CC  consensus.IUPAC: yCACCGACAmwwwy
CC  consensus.IUPAC.rc: RWWWKTGTCGGTGR
CC  consensus.regexp: [ct]CACCGACA[ac][at][at][at][ct]
CC  consensus.regexp.rc: [AG][AT][AT][AT][GT]TGTCGGTG[AG]
XX
//
AC  M06632_2.00
XX
ID  M06632_2.00
XX
DE  hdcCACCGACAmwwwy 
P0       A     C     G     T
1    28.3082 29.6482 13.5678 28.4757
2    27.3032 14.5729 25.2931 32.8308
3    5.0251 58.124 15.0754 21.7755
4    1.675 92.1273 1.5075 4.6901
5    92.1273     0 7.8727     0
6        0   100     0     0
7        0   100     0     0
8        0     0   100     0
9      100     0     0     0
10       0   100     0     0
11   97.6549     0 2.3451     0
12   38.526 35.8459 10.7203 14.9079
13   38.0235 14.7404 4.5226 42.7136
14   34.1709 15.0754 14.5729 36.1809
15   25.1256 24.6231 16.4154 33.8358
16   21.7755 29.3132 13.7353 35.1759
XX
CC  program: cis-bp
CC  matrix.nb: 1
CC  accession: M06632_2.00.txt_1
CC  AC: M06632_2.00.txt_1
CC  id: M06632_2.00.txt_1
CC  name: M06632_2.00.txt_1
CC  version: 
CC  matrix.nb: 1
CC  consensus.strict: ctcCACCGACAatttt
CC  consensus.strict.rc: AAAATTGTCGGTGGAG
CC  consensus.IUPAC: hdcCACCGACAmwwwy
CC  consensus.IUPAC.rc: RWWWKTGTCGGTGGHD
CC  consensus.regexp: [act][agt]cCACCGACA[ac][at][at][at][ct]
CC  consensus.regexp.rc: [AG][AT][AT][AT][GT]TGTCGGTGG[ACT][AGT]
XX
//
AC  M06635_2.00
XX
ID  M06635_2.00
XX
DE  cdycdyCrCCGaCrm 
P0       A     C     G     T
1    20.3333 46.1667    12  21.5
2       31 16.1667 27.6667 25.1667
3    18.8333 37.6667 15.1667 28.3333
4       17 54.3333 6.8333 21.8333
5    26.8333  10.5    32 30.6667
6       11 50.1667 7.8333    31
7        5 82.3333 3.3333 9.3333
8       61     0 37.8333 1.1667
9        0 98.8333 0.6667   0.5
10       0   100     0     0
11   1.6667     0 98.3333     0
12    67.5 18.3333 0.1667    14
13       0 99.8333     0 0.1667
14   64.1667 2.3333 26.6667 6.8333
15    29.5    35 13.1667 22.3333
XX
CC  program: cis-bp
CC  matrix.nb: 1
CC  accession: M06635_2.00.txt_1
CC  AC: M06635_2.00.txt_1
CC  id: M06635_2.00.txt_1
CC  name: M06635_2.00.txt_1
CC  version: 
CC  matrix.nb: 1
CC  consensus.strict: caccgcCaCCGaCac
CC  consensus.strict.rc: GTGTCGGTGGCGGTG
CC  consensus.IUPAC: cdycdyCrCCGaCrm
CC  consensus.IUPAC.rc: KYGTCGGYGRHGRHG
CC  consensus.regexp: c[agt][ct]c[agt][ct]C[ag]CCGaC[ag][ac]
CC  consensus.regexp.rc: [GT][CT]GTCGG[CT]G[AG][ACT]G[AG][ACT]G
XX
//
AC  M06636_2.00
XX
ID  M06636_2.00
XX
DE  yhwhykcCACCGACAmw 
P0       A     C     G     T
1    23.506 28.2869 12.749 35.4582
2    26.2948 29.8805 13.9442 29.8805
3    31.0757 16.7331 22.7092 29.4821
4    27.8884 28.2869 13.5458 30.2789
5    23.9044 29.8805 15.1394 31.0757
6    15.5378 12.749 30.2789 41.4343
7    9.1633 58.5657 8.7649 23.506
8    5.9761 78.8845 5.5777 9.5618
9    84.4622 0.3984 15.1394     0
10   0.7968 97.6096     0 1.5936
11       0 99.6016     0 0.3984
12       0 0.3984 99.6016     0
13     100     0     0     0
14       0 99.6016     0 0.3984
15   94.0239 0.3984 5.1793 0.3984
16   37.4502 38.247 11.1554 13.1474
17   39.8406 17.9283 1.992 40.239
XX
CC  program: cis-bp
CC  matrix.nb: 1
CC  accession: M06636_2.00.txt_1
CC  AC: M06636_2.00.txt_1
CC  id: M06636_2.00.txt_1
CC  name: M06636_2.00.txt_1
CC  version: 
CC  matrix.nb: 1
CC  consensus.strict: tcatttcCACCGACAct
CC  consensus.strict.rc: AGTGTCGGTGGAAATGA
CC  consensus.IUPAC: yhwhykcCACCGACAmw
CC  consensus.IUPAC.rc: WKTGTCGGTGGMRDWDR
CC  consensus.regexp: [ct][act][at][act][ct][gt]cCACCGACA[ac][at]
CC  consensus.regexp.rc: [AT][GT]TGTCGGTGG[AC][AG][AGT][AT][AGT][AG]
XX
//
AC  M06639_2.00
XX
ID  M06639_2.00
XX
DE  hytyyrCCGACATmr 
P0       A     C     G     T
1    26.8908 29.0756 13.9496 30.084
2    23.0252 33.9496 14.1176 28.9076
3    24.0336 19.3277 22.6891 33.9496
4    15.2941 28.5714 9.5798 46.5546
5    8.5714 37.479 16.3025 37.6471
6    49.4118     0 50.5882     0
7        0 97.8151     0 2.1849
8        0   100     0     0
9        0     0   100     0
10     100     0     0     0
11       0   100     0     0
12   82.1849 4.0336 8.2353 5.5462
13   8.9076 7.7311 0.8403 82.521
14   30.5882 31.9328 22.0168 15.4622
15   34.7899 15.2941 29.7479 20.1681
XX
CC  program: cis-bp
CC  matrix.nb: 1
CC  accession: M06639_2.00.txt_1
CC  AC: M06639_2.00.txt_1
CC  id: M06639_2.00.txt_1
CC  name: M06639_2.00.txt_1
CC  version: 
CC  matrix.nb: 1
CC  consensus.strict: tctttgCCGACATca
CC  consensus.strict.rc: TGATGTCGGCAAAGA
CC  consensus.IUPAC: hytyyrCCGACATmr
CC  consensus.IUPAC.rc: YKATGTCGGYRRARD
CC  consensus.regexp: [act][ct]t[ct][ct][ag]CCGACAT[ac][ag]
CC  consensus.regexp.rc: [CT][GT]ATGTCGG[CT][AG][AG]A[AG][AGT]
XX
//
AC  M06640_2.00
XX
ID  M06640_2.00
XX
DE  tyyrCCGACATma 
P0       A     C     G     T
1    21.202 22.2037 19.6995 36.8948
2    7.6795 29.8831 9.5159 52.9215
3    3.172 27.379 17.1953 52.2538
4    49.7496     0 50.2504     0
5        0   100     0     0
6        0   100     0     0
7        0     0   100     0
8      100     0     0     0
9        0   100     0     0
10   98.6644 0.5008 0.5008 0.3339
11   0.1669     0     0 99.8331
12   37.2287 32.3873 22.0367 8.3472
13   39.7329 14.5242 23.5392 22.2037
XX
CC  program: cis-bp
CC  matrix.nb: 1
CC  accession: M06640_2.00.txt_1
CC  AC: M06640_2.00.txt_1
CC  id: M06640_2.00.txt_1
CC  name: M06640_2.00.txt_1
CC  version: 
CC  matrix.nb: 1
CC  consensus.strict: tttgCCGACATaa
CC  consensus.strict.rc: TTATGTCGGCAAA
CC  consensus.IUPAC: tyyrCCGACATma
CC  consensus.IUPAC.rc: TKATGTCGGYRRA
CC  consensus.regexp: t[ct][ct][ag]CCGACAT[ac]a
CC  consensus.regexp.rc: T[GT]ATGTCGG[CT][AG][AG]A
XX
//
AC  M06641_2.00
XX
ID  M06641_2.00
XX
DE  ywyyrCCGACawmr 
P0       A     C     G     T
1    24.7906 35.3434 10.2178 29.6482
2    25.4606 16.0804 23.9531 34.5059
3    12.5628 32.3283 11.5578 43.5511
4    11.5578 44.5561 15.0754 28.8107
5    51.9263     0 47.5712 0.5025
6        0 97.9899     0 2.0101
7        0   100     0     0
8        0     0   100     0
9      100     0     0     0
10       0   100     0     0
11   57.6214 9.8827 18.4255 14.0704
12   27.3032 12.0603 4.5226 56.1139
13   33.6683 28.9782 19.4305 17.9229
14   35.0084 16.0804 27.1357 21.7755
XX
CC  program: cis-bp
CC  matrix.nb: 1
CC  accession: M06641_2.00.txt_1
CC  AC: M06641_2.00.txt_1
CC  id: M06641_2.00.txt_1
CC  name: M06641_2.00.txt_1
CC  version: 
CC  matrix.nb: 1
CC  consensus.strict: cttcaCCGACataa
CC  consensus.strict.rc: TTATGTCGGTGAAG
CC  consensus.IUPAC: ywyyrCCGACawmr
CC  consensus.IUPAC.rc: YKWTGTCGGYRRWR
CC  consensus.regexp: [ct][at][ct][ct][ag]CCGACa[at][ac][ag]
CC  consensus.regexp.rc: [CT][GT][AT]TGTCGG[CT][AG][AG][AT][AG]
XX
//
AC  M06642_2.00
XX
ID  M06642_2.00
XX
DE  yyrCCGACATm 
P0       A     C     G     T
1    12.8763 31.1037 7.5251 48.495
2    8.3612 33.1104 18.7291 39.7993
3    53.1773     0 46.8227     0
4        0 98.8294     0 1.1706
5        0   100     0     0
6        0     0   100     0
7      100     0     0     0
8        0   100     0     0
9    76.9231 7.0234 9.5318 6.5217
10   13.5452 7.6923 1.8395 76.9231
11   34.6154 32.107 20.0669 13.2107
XX
CC  program: cis-bp
CC  matrix.nb: 1
CC  accession: M06642_2.00.txt_1
CC  AC: M06642_2.00.txt_1
CC  id: M06642_2.00.txt_1
CC  name: M06642_2.00.txt_1
CC  version: 
CC  matrix.nb: 1
CC  consensus.strict: ttaCCGACATa
CC  consensus.strict.rc: TATGTCGGTAA
CC  consensus.IUPAC: yyrCCGACATm
CC  consensus.IUPAC.rc: KATGTCGGYRR
CC  consensus.regexp: [ct][ct][ag]CCGACAT[ac]
CC  consensus.regexp.rc: [GT]ATGTCGG[CT][AG][AG]
XX
//
AC  M06651_2.00
XX
ID  M06651_2.00
XX
DE  hwyCACCGACAmwwwh 
P0       A     C     G     T
1    29.4613 29.2929 13.468 27.7778
2    26.2626 15.3199 24.2424 34.1751
3    7.9125 53.367 12.963 25.7576
4    5.8923 84.3434 3.0303 6.734
5    88.3838     0 11.6162     0
6        0   100     0     0
7        0   100     0     0
8        0     0   100     0
9      100     0     0     0
10       0   100     0     0
11   95.4545     0 4.0404 0.5051
12   38.3838 32.8283 13.6364 15.1515
13   40.5724 16.1616 4.8822 38.3838
14   37.037 13.6364 13.2997 36.0269
15   26.431 23.2323 16.4983 33.8384
16   25.2525 27.2727 13.8047 33.67
XX
CC  program: cis-bp
CC  matrix.nb: 1
CC  accession: M06651_2.00.txt_1
CC  AC: M06651_2.00.txt_1
CC  id: M06651_2.00.txt_1
CC  name: M06651_2.00.txt_1
CC  version: 
CC  matrix.nb: 1
CC  consensus.strict: atcCACCGACAaaatt
CC  consensus.strict.rc: AATTTTGTCGGTGGAT
CC  consensus.IUPAC: hwyCACCGACAmwwwh
CC  consensus.IUPAC.rc: DWWWKTGTCGGTGRWD
CC  consensus.regexp: [act][at][ct]CACCGACA[ac][at][at][at][act]
CC  consensus.regexp.rc: [AGT][AT][AT][AT][GT]TGTCGGTG[AG][AT][AGT]
XX
//
AC  M06652_2.00
XX
ID  M06652_2.00
XX
DE  hdcCACCGACAmwwwy 
P0       A     C     G     T
1    29.4416 31.1337 13.8748 25.5499
2    28.5956 13.7056 25.8883 31.8105
3    4.9069 59.5601 14.044 21.489
4    3.0457 90.8629 2.3689 3.7225
5    91.3706     0 8.6294     0
6        0   100     0     0
7        0   100     0     0
8        0     0   100     0
9    99.4924     0     0 0.5076
10       0   100     0     0
11   95.9391     0 3.8917 0.1692
12   36.379 34.1794 13.7056 15.736
13   37.5635 16.4129 6.4298 39.5939
14   33.3333 14.5516 16.4129 35.7022
15   27.242 23.3503 16.2437 33.1641
16   23.181 32.3181 12.3519 32.1489
XX
CC  program: cis-bp
CC  matrix.nb: 1
CC  accession: M06652_2.00.txt_1
CC  AC: M06652_2.00.txt_1
CC  id: M06652_2.00.txt_1
CC  name: M06652_2.00.txt_1
CC  version: 
CC  matrix.nb: 1
CC  consensus.strict: ctcCACCGACAatttc
CC  consensus.strict.rc: GAAATTGTCGGTGGAG
CC  consensus.IUPAC: hdcCACCGACAmwwwy
CC  consensus.IUPAC.rc: RWWWKTGTCGGTGGHD
CC  consensus.regexp: [act][agt]cCACCGACA[ac][at][at][at][ct]
CC  consensus.regexp.rc: [AG][AT][AT][AT][GT]TGTCGGTGG[ACT][AGT]
XX
//
AC  M06678_2.00
XX
ID  M06678_2.00
XX
DE  kyyrCCGACaTmr 
P0       A     C     G     T
1    23.9531 14.7404 25.4606 35.8459
2    15.5779 27.6382 10.8878 45.8961
3    9.5477 41.0385 15.9129 33.5008
4    47.9062     0 52.0938     0
5        0 96.4824     0 3.5176
6        0   100     0     0
7        0     0   100     0
8      100     0     0     0
9        0   100     0     0
10   67.3367 8.7102 18.258 5.6951
11   16.4154 12.0603 2.8476 68.6767
12   29.1457 31.8258 21.7755 17.2529
13   40.871 13.0653 27.1357 18.928
XX
CC  program: cis-bp
CC  matrix.nb: 1
CC  accession: M06678_2.00.txt_1
CC  AC: M06678_2.00.txt_1
CC  id: M06678_2.00.txt_1
CC  name: M06678_2.00.txt_1
CC  version: 
CC  matrix.nb: 1
CC  consensus.strict: ttcgCCGACaTca
CC  consensus.strict.rc: TGATGTCGGCGAA
CC  consensus.IUPAC: kyyrCCGACaTmr
CC  consensus.IUPAC.rc: YKATGTCGGYRRM
CC  consensus.regexp: [gt][ct][ct][ag]CCGACaT[ac][ag]
CC  consensus.regexp.rc: [CT][GT]ATGTCGG[CT][AG][AG][AC]
XX
//
AC  M06679_2.00
XX
ID  M06679_2.00
XX
DE  yyrCCGACATsr 
P0       A     C     G     T
1    14.6912 26.8781 12.187 46.2437
2    5.6761 27.212 12.5209 54.591
3    48.414     0 51.586     0
4        0 99.4992     0 0.5008
5        0   100     0     0
6        0     0   100     0
7      100     0     0     0
8        0   100     0     0
9    92.9883 2.5042 3.8397 0.6678
10   5.8431 2.6711 0.3339 91.1519
11   24.8748 34.8915 25.8765 14.3573
12   38.3973 11.3523 28.8815 21.3689
XX
CC  program: cis-bp
CC  matrix.nb: 1
CC  accession: M06679_2.00.txt_1
CC  AC: M06679_2.00.txt_1
CC  id: M06679_2.00.txt_1
CC  name: M06679_2.00.txt_1
CC  version: 
CC  matrix.nb: 1
CC  consensus.strict: ttgCCGACATca
CC  consensus.strict.rc: TGATGTCGGCAA
CC  consensus.IUPAC: yyrCCGACATsr
CC  consensus.IUPAC.rc: YSATGTCGGYRR
CC  consensus.regexp: [ct][ct][ag]CCGACAT[cg][ag]
CC  consensus.regexp.rc: [CT][CG]ATGTCGG[CT][AG][AG]
XX
//
