AC  M00049_2.00
XX
ID  WBGene00239537
XX
DE  WBGene00239537
P0       A     C     G     T
1    25.2983 24.0645 24.3064 26.3308
2    26.9403 25.1189 22.0568 25.8839
3    25.2879 28.5121 20.9121 25.2879
4    26.6753 28.043 16.6721 28.6095
5    11.3406 5.35691 75.0675 8.23496
6    84.9031 3.98091 3.56624 7.54972
7    16.2404 5.46028 5.51515 72.7842
8    69.0436 5.55522 6.58463 18.8166
9    44.577 15.1381 20.8471 19.4378
10   23.6453 25.1075 33.5543 17.6929
XX
CC  residue_type: 
CC  program: transfac
CC  matrix.nb: 1
CC  accession: M00049_2.00
CC  AC: M00049_2.00
CC  id: M00049_2.00
CC  name: WBGene00239537
CC  version: 
CC  name: WBGene00239537
CC  description: WBGene00239537
CC  transfac_consensus: 
CC  matrix.nb: 1
XX
//
AC  M00051_2.00
XX
ID  WBGene00239537
XX
DE  WBGene00239537
P0       A     C     G     T
1    27.0248 43.2235 0.0269978 29.7246
2    0.0195925 0.0195925 99.9412 0.0195925
3    99.9424 0.019216 0.019216 0.019216
4    0.019216 0.019216 0.019216 99.9424
5    98.0208 0.019216 1.94081 0.019216
6    94.0635 0.0195925 0.0195925 5.89734
7    2.29337 11.376 84.0372 2.29337
8    34.4697 24.1391 24.1391 17.2521
XX
CC  residue_type: 
CC  program: transfac
CC  matrix.nb: 2
CC  accession: M00051_2.00
CC  AC: M00051_2.00
CC  id: M00051_2.00
CC  name: WBGene00239537
CC  version: 
CC  name: WBGene00239537
CC  description: WBGene00239537
CC  transfac_consensus: 
CC  matrix.nb: 2
XX
//
AC  M00052_2.00
XX
ID  WBGene00239537
XX
DE  WBGene00239537
P0       A     C     G     T
1    27.5281 24.2608 22.4974 25.7137
2    24.1344 28.2465 20.4031 27.2159
3    19.6189 24.5027 39.6334 16.245
4    41.0715 15.5415 18.4636 24.9234
5    10.617 6.76989 6.55911 76.054
6    76.054 6.55911 6.76989 10.617
7    24.9234 18.4636 15.5415 41.0715
8    16.245 39.6334 24.5027 19.6189
9    27.2159 20.4031 28.2465 24.1344
10   25.7137 22.4974 24.2608 27.5281
XX
CC  residue_type: 
CC  program: transfac
CC  matrix.nb: 3
CC  accession: M00052_2.00
CC  AC: M00052_2.00
CC  id: M00052_2.00
CC  name: WBGene00239537
CC  version: 
CC  name: WBGene00239537
CC  description: WBGene00239537
CC  transfac_consensus: 
CC  matrix.nb: 3
XX
//
AC  M00056_2.00
XX
ID  WBGene00236919,WBGene00238955,WBGene00246761,WBGene00248105,WBGene00248559,WBGene00249156
XX
DE  WBGene00236919,WBGene00238955,WBGene00246761,WBGene00248105,WBGene00248559,WBGene00249156
P0       A     C     G     T
1    7.09225 7.09225 0.795025 85.0205
2    86.6502 1.33964 1.33964 10.6705
3    87.326 1.27183 1.90458 9.4976
4    0.00620964 0.00620964 0.00620964 99.9814
5    75.1428 3.11103 1.8691 19.877
6    63.5123 5.03647 0.63506 30.8161
7    66.9102 6.15964 3.08367 23.8465
8    20.6916 5.75597 5.75597 67.7964
XX
CC  residue_type: 
CC  program: transfac
CC  matrix.nb: 4
CC  accession: M00056_2.00
CC  AC: M00056_2.00
CC  id: M00056_2.00
CC  name: WBGene00236919,WBGene00238955,WBGene00246761,WBGene00248105,WBGene00248559,WBGene00249156
CC  version: 
CC  name: WBGene00236919,WBGene00238955,WBGene00246761,WBGene00248105,WBGene00248559,WBGene00249156
CC  description: WBGene00236919,WBGene00238955,WBGene00246761,WBGene00248105,WBGene00248559,WBGene00249156
CC  transfac_consensus: 
CC  matrix.nb: 4
XX
//
AC  M00066_2.00
XX
ID  WBGene00247845
XX
DE  WBGene00247845
P0       A     C     G     T
1    22.8304 22.8304 22.8304 31.5088
2    11.995 35.3086 40.7015 11.995
3    0.0129951 0.0129951 99.961 0.0129951
4    0.0129951 0.0129951 0.0129951 99.961
5    0.0129951 0.0129951 0.0129951 99.961
6    8.69142 0.0129951 91.2826 0.0129951
7    0.0129951 99.961 0.0129951 0.0129951
8    0.0129951 43.7251 0.0129951 56.2489
9    93.4522 2.1826 2.1826 2.1826
10   13.018 30.4898 26.1306 30.3616
XX
CC  residue_type: 
CC  program: transfac
CC  matrix.nb: 5
CC  accession: M00066_2.00
CC  AC: M00066_2.00
CC  id: M00066_2.00
CC  name: WBGene00247845
CC  version: 
CC  name: WBGene00247845
CC  description: WBGene00247845
CC  transfac_consensus: 
CC  matrix.nb: 5
XX
//
AC  M00070_2.00
XX
ID  WBGene00237571,WBGene00238744,WBGene00240468,WBGene00240587,WBGene00241539,WBGene00241896
XX
DE  WBGene00237571,WBGene00238744,WBGene00240468,WBGene00240587,WBGene00241539,WBGene00241896
P0       A     C     G     T
1    26.8573 27.2224 17.8881 28.0322
2    50.9793 9.8806 29.2595 9.8806
3    84.8016 5.06614 5.06614 5.06614
4    99.9893 0.00358234 0.00358234     0
5    0.00358234 90.3786 0.00358234 9.61423
6    90.3786 0.00358234 0.00358234 9.61423
7    99.9893 0.00358234 0.00358234     0
8    0.00358234 0.00358234 0.00358234 99.9893
9    59.126 7.11547 7.11547 26.6431
10   34.5743 15.123 25.7625 24.5401
11   19.9374 19.9374 19.9374 40.1877
XX
CC  residue_type: 
CC  program: transfac
CC  matrix.nb: 6
CC  accession: M00070_2.00
CC  AC: M00070_2.00
CC  id: M00070_2.00
CC  name: WBGene00237571,WBGene00238744,WBGene00240468,WBGene00240587,WBGene00241539,WBGene00241896
CC  version: 
CC  name: WBGene00237571,WBGene00238744,WBGene00240468,WBGene00240587,WBGene00241539,WBGene00241896
CC  description: WBGene00237571,WBGene00238744,WBGene00240468,WBGene00240587,WBGene00241539,WBGene00241896
CC  transfac_consensus: 
CC  matrix.nb: 6
XX
//
AC  M00124_2.00
XX
ID  WBGene00244541
XX
DE  WBGene00244541
P0       A     C     G     T
1    26.06 19.3057 29.0902 25.544
2    29.793 20.3743 26.1611 23.6716
3    17.4845 16.6318 24.5649 41.3188
4    18.621 17.7128 39.0283 24.6379
5    44.5741 11.2139 28.1389 16.0732
6    17.1869 42.2731 18.2497 22.2903
7    25.6025 10.0011 48.0715 16.3249
8    26.8049 18.5151 23.5372 31.1428
9    34.0203 18.301 27.8534 19.8253
10   33.6613 15.125 27.0138 24.1999
XX
CC  residue_type: 
CC  program: transfac
CC  matrix.nb: 7
CC  accession: M00124_2.00
CC  AC: M00124_2.00
CC  id: M00124_2.00
CC  name: WBGene00244541
CC  version: 
CC  name: WBGene00244541
CC  description: WBGene00244541
CC  transfac_consensus: 
CC  matrix.nb: 7
XX
//
AC  M00132_2.00
XX
ID  WBGene00239217
XX
DE  WBGene00239217
P0       A     C     G     T
1    26.2806 18.465 20.1449 35.1094
2    17.3312 11.6217 67.5756 3.47142
3    1.33743 94.2389 1.50928e-06 4.42365
4    3.61615 10.4554 0.000143533 85.9283
5    67.7115 9.07102 2.81975 20.3978
6    0.000406834 99.3136 0.0188551 0.667125
7    0.0395668 51.3153 0.000390814 48.6448
8    9.80016 6.98382 66.8656 16.3505
9    20.3489 14.7552 20.5154 44.3805
10   20.1232 18.1878 19.5525 42.1366
XX
CC  residue_type: 
CC  program: transfac
CC  matrix.nb: 8
CC  accession: M00132_2.00
CC  AC: M00132_2.00
CC  id: M00132_2.00
CC  name: WBGene00239217
CC  version: 
CC  name: WBGene00239217
CC  description: WBGene00239217
CC  transfac_consensus: 
CC  matrix.nb: 8
XX
//
AC  M00153_2.00
XX
ID  WBGene00240198,WBGene00243491
XX
DE  WBGene00240198,WBGene00243491
P0       A     C     G     T
1    32.8844 15.8473 19.3559 31.9125
2    34.0062 13.8259 13.8259 38.3419
3    25.0781 15.2106 24.8285 34.8828
4    14.6662 21.2328 47.7294 16.3716
5    4.91485 10.9382 84.1214 0.0255341
6    9.86661 88.1603 0.000902047 1.97221
7    0.122809 0.00133727 97.7948 2.08105
8    2.25807 62.459 32.6064 2.6765
9    13.5566 28.4138 36.121 21.9085
10   23.4821 29.2605 18.2879 28.9694
XX
CC  residue_type: 
CC  program: transfac
CC  matrix.nb: 9
CC  accession: M00153_2.00
CC  AC: M00153_2.00
CC  id: M00153_2.00
CC  name: WBGene00240198,WBGene00243491
CC  version: 
CC  name: WBGene00240198,WBGene00243491
CC  description: WBGene00240198,WBGene00243491
CC  transfac_consensus: 
CC  matrix.nb: 9
XX
//
AC  M00154_2.00
XX
ID  WBGene00240198,WBGene00243491
XX
DE  WBGene00240198,WBGene00243491
P0       A     C     G     T
1    32.3791 15.7606 18.4952 33.3651
2    35.6499 12.3511 13.3798 38.6191
3    25.2758 14.4378 24.7753 35.5112
4    12.6742 20.0769 54.5747 12.6742
5    2.3207 7.47728 90.1856 0.0164385
6    6.97406 91.1218 0.02242 1.88174
7    0.017554 0.00254793 98.2509 1.72897
8    1.1409 61.0578 35.9389 1.86232
9    10.8464 26.1496 38.6224 24.3817
10   25.0797 27.1685 16.8114 30.9403
XX
CC  residue_type: 
CC  program: transfac
CC  matrix.nb: 10
CC  accession: M00154_2.00
CC  AC: M00154_2.00
CC  id: M00154_2.00
CC  name: WBGene00240198,WBGene00243491
CC  version: 
CC  name: WBGene00240198,WBGene00243491
CC  description: WBGene00240198,WBGene00243491
CC  transfac_consensus: 
CC  matrix.nb: 10
XX
//
AC  M00156_2.00
XX
ID  WBGene00242502,WBGene00244573
XX
DE  WBGene00242502,WBGene00244573
P0       A     C     G     T
1    41.1349 14.1096 19.046 25.7094
2    25.6228 28.6021 21.4019 24.3731
3    25.5689 34.5145 28.542 11.3745
4    36.0725 38.688 17.7348 7.5047
5    14.315 2.80474 74.5381 8.34207
6    12.5128 2.33206 75.6981 9.45698
7    88.8187 0.00172349 3.9614 7.21814
8    78.7696 0.00281309 2.93447 18.2932
9    39.0316 11.0715 41.4452 8.45173
10   22.2956 19.7744 14.3592 43.5709
XX
CC  residue_type: 
CC  program: transfac
CC  matrix.nb: 11
CC  accession: M00156_2.00
CC  AC: M00156_2.00
CC  id: M00156_2.00
CC  name: WBGene00242502,WBGene00244573
CC  version: 
CC  name: WBGene00242502,WBGene00244573
CC  description: WBGene00242502,WBGene00244573
CC  transfac_consensus: 
CC  matrix.nb: 11
XX
//
AC  M00157_2.00
XX
ID  WBGene00240974,WBGene00241911,WBGene00242352,WBGene00244573,WBGene00247335
XX
DE  WBGene00240974,WBGene00241911,WBGene00242352,WBGene00244573,WBGene00247335
P0       A     C     G     T
1    31.0173 23.916 23.2091 21.8575
2    51.5468 9.99905 27.1802 11.2739
3    10.0868 70.8969 15.9782 3.03808
4    12.5542 84.7793 2.15988 0.506643
5    0.851127 0.618045 98.3769 0.15394
6    0.176541 0.525081 99.0671 0.231262
7    98.0239 0.891555 0.474835 0.6097
8    78.4086 2.09999 0.538985 18.9525
9    33.0437 6.94367 57.273 2.73965
10   8.5838 23.5677 9.29872 58.5498
XX
CC  residue_type: 
CC  program: transfac
CC  matrix.nb: 12
CC  accession: M00157_2.00
CC  AC: M00157_2.00
CC  id: M00157_2.00
CC  name: WBGene00240974,WBGene00241911,WBGene00242352,WBGene00244573,WBGene00247335
CC  version: 
CC  name: WBGene00240974,WBGene00241911,WBGene00242352,WBGene00244573,WBGene00247335
CC  description: WBGene00240974,WBGene00241911,WBGene00242352,WBGene00244573,WBGene00247335
CC  transfac_consensus: 
CC  matrix.nb: 12
XX
//
AC  M00158_2.00
XX
ID  WBGene00242502,WBGene00244573
XX
DE  WBGene00242502,WBGene00244573
P0       A     C     G     T
1    49.7929 9.65883 14.5541 25.9942
2    23.9502 27.5493 25.945 22.5555
3    23.8666 40.1443 29.7397 6.24937
4    33.9402 55.4011 9.34274 1.316
5    0.933634 0.123852 98.6255 0.317058
6    0.669669 0.319508 98.3988 0.612032
7    97.9497 0.437996 0.545776 1.06658
8    86.8199 1.98146 0.460168 10.7385
9    35.2316 9.60173 53.0876 2.07912
10   12.3743 24.4253 8.29471 54.9058
XX
CC  residue_type: 
CC  program: transfac
CC  matrix.nb: 13
CC  accession: M00158_2.00
CC  AC: M00158_2.00
CC  id: M00158_2.00
CC  name: WBGene00242502,WBGene00244573
CC  version: 
CC  name: WBGene00242502,WBGene00244573
CC  description: WBGene00242502,WBGene00244573
CC  transfac_consensus: 
CC  matrix.nb: 13
XX
//
AC  M00159_2.00
XX
ID  WBGene00242060,WBGene00244573
XX
DE  WBGene00242060,WBGene00244573
P0       A     C     G     T
1    40.1213 13.4894 18.9519 27.4374
2    28.8005 29.9758 23.5798 17.6439
3    20.731 50.4826 20.5247 8.26169
4    27.6376 61.5087 8.49246 2.36122
5    0.125608 1.81378 98.0434 0.01717
6    0.507709 5.59657 89.3136 4.58209
7    81.0468 2.84347 7.65246 8.45727
8    29.3995 18.1919 6.7597 45.6488
9    28.5185 23.1166 30.8937 17.4712
10   17.1414 27.7017 12.5723 42.5847
XX
CC  residue_type: 
CC  program: transfac
CC  matrix.nb: 14
CC  accession: M00159_2.00
CC  AC: M00159_2.00
CC  id: M00159_2.00
CC  name: WBGene00242060,WBGene00244573
CC  version: 
CC  name: WBGene00242060,WBGene00244573
CC  description: WBGene00242060,WBGene00244573
CC  transfac_consensus: 
CC  matrix.nb: 14
XX
//
AC  M00160_2.00
XX
ID  WBGene00247633
XX
DE  WBGene00247633
P0       A     C     G     T
1    27.2342 21.3287 23.8265 27.6106
2    38.3328 7.12158 52.1888 2.35682
3    11.7428 10.5265 2.10018 75.6306
4    83.4939 15.2266 0.000703904 1.27884
5    90.8292 5.90962 0.296669 2.96455
6    97.7393 1.44894 0.162799 0.648963
7    0.128199 84.3632 6.76126e-05 15.5085
8    96.5164 1.20826 0.683097 1.59217
9    47.9654 16.4189 11.4694 24.1463
10   41.7043 18.5221 14.2285 25.5451
XX
CC  residue_type: 
CC  program: transfac
CC  matrix.nb: 15
CC  accession: M00160_2.00
CC  AC: M00160_2.00
CC  id: M00160_2.00
CC  name: WBGene00247633
CC  version: 
CC  name: WBGene00247633
CC  description: WBGene00247633
CC  transfac_consensus: 
CC  matrix.nb: 15
XX
//
AC  M00162_2.00
XX
ID  WBGene00244211
XX
DE  WBGene00244211
P0       A     C     G     T
1    16.0144 0.0399361 83.9058 0.0399361
2    0.0322165 3.25387 0.0322165 96.6817
3    87.8027 12.1368 0.0302663 0.0302663
4    96.8826 3.0569 0.0302663 0.0302663
5    99.9092 0.0302663 0.0302663 0.0302663
6    0.0302663 63.5896 0.0302663 36.3499
7    99.9092 0.0302663 0.0302663 0.0302663
8    63.0777 10.5567 10.5567 15.8088
XX
CC  residue_type: 
CC  program: transfac
CC  matrix.nb: 16
CC  accession: M00162_2.00
CC  AC: M00162_2.00
CC  id: M00162_2.00
CC  name: WBGene00244211
CC  version: 
CC  name: WBGene00244211
CC  description: WBGene00244211
CC  transfac_consensus: 
CC  matrix.nb: 16
XX
//
AC  M00164_2.00
XX
ID  WBGene00237427,WBGene00241460,WBGene00247633,WBGene00247740
XX
DE  WBGene00237427,WBGene00241460,WBGene00247633,WBGene00247740
P0       A     C     G     T
1    36.6283 16.6235 16.4581 30.2901
2    34.5139 17.1391 19.5185 28.8285
3    26.7836 18.134 19.6443 35.4381
4    34.6821 10.8724 41.9393 12.5062
5    14.6969 10.0507 3.18241 72.07
6    70.0016 25.4959 0.0719717 4.43052
7    90.6192 5.3477 0.03164 4.00149
8    93.44 0.0770978 2.35684 4.12605
9    3.30484 60.0627 3.33806 33.2944
10   85.3101 4.78886 4.55531 5.3457
XX
CC  residue_type: 
CC  program: transfac
CC  matrix.nb: 17
CC  accession: M00164_2.00
CC  AC: M00164_2.00
CC  id: M00164_2.00
CC  name: WBGene00237427,WBGene00241460,WBGene00247633,WBGene00247740
CC  version: 
CC  name: WBGene00237427,WBGene00241460,WBGene00247633,WBGene00247740
CC  description: WBGene00237427,WBGene00241460,WBGene00247633,WBGene00247740
CC  transfac_consensus: 
CC  matrix.nb: 17
XX
//
AC  M00169_2.00
XX
ID  WBGene00248965
XX
DE  WBGene00248965
P0       A     C     G     T
1    18.9564 24.8322 16.4799 39.7314
2    17.1082 16.4374 43.3608 23.0936
3    73.6823 17.2837 0.011218 9.02287
4    11.9808 19.3619 3.075 65.5823
5    54.4071 33.6662 0.0272281 11.8995
6    13.072 45.6257 14.4468 26.8555
7    20.5555 33.5531 22.9457 22.9457
XX
CC  residue_type: 
CC  program: transfac
CC  matrix.nb: 18
CC  accession: M00169_2.00
CC  AC: M00169_2.00
CC  id: M00169_2.00
CC  name: WBGene00248965
CC  version: 
CC  name: WBGene00248965
CC  description: WBGene00248965
CC  transfac_consensus: 
CC  matrix.nb: 18
XX
//
AC  M00172_2.00
XX
ID  WBGene00236919,WBGene00238577,WBGene00238595,WBGene00238955,WBGene00241528,WBGene00244657,WBGene00244660,WBGene00244661,WBGene00244672,WBGene00245266,WBGene00245608,WBGene00245801,WBGene00246761,WBGene00246814,WBGene00247811,WBGene00248105,WBGene00248559,WBGene00249156
XX
DE  WBGene00236919,WBGene00238577,WBGene00238595,WBGene00238955,WBGene00241528,WBGene00244657,WBGene00244660,WBGene00244661,WBGene00244672,WBGene00245266,WBGene00245608,WBGene00245801,WBGene00246761,WBGene00246814,WBGene00247811,WBGene00248105,WBGene00248559,WBGene00249156
P0       A     C     G     T
1    18.3789 30.3016 16.4644 34.8551
2    10.7098 5.42577 2.31905 81.5454
3    86.8219 2.2566 7.41763 3.50384
4    96.5411 1.76821 0.0907152 1.59994
5    1.8285 9.71331 5.07079 83.3874
6    11.3053 9.63375 41.8995 37.1615
7    44.7592 6.36807 35.9201 12.9526
8    20.4977 31.1967 27.3937 20.9118
9    22.774 28.6634 21.0231 27.5395
10   21.2729 24.964 21.0612 32.7019
XX
CC  residue_type: 
CC  program: transfac
CC  matrix.nb: 19
CC  accession: M00172_2.00
CC  AC: M00172_2.00
CC  id: M00172_2.00
CC  name: WBGene00236919,WBGene00238577,WBGene00238595,WBGene00238955,WBGene00241528,WBGene00244657,WBGene00244660,WBGene00244661,WBGene00244672,WBGene00245266,WBGene00245608,WBGene00245801,WBGene00246761,WBGene00246814,WBGene00247811,WBGene00248105,WBGene00248559,WBGene00249156
CC  version: 
CC  name: WBGene00236919,WBGene00238577,WBGene00238595,WBGene00238955,WBGene00241528,WBGene00244657,WBGene00244660,WBGene00244661,WBGene00244672,WBGene00245266,WBGene00245608,WBGene00245801,WBGene00246761,WBGene00246814,WBGene00247811,WBGene00248105,WBGene00248559,WBGene00249156
CC  description: WBGene00236919,WBGene00238577,WBGene00238595,WBGene00238955,WBGene00241528,WBGene00244657,WBGene00244660,WBGene00244661,WBGene00244672,WBGene00245266,WBGene00245608,WBGene00245801,WBGene00246761,WBGene00246814,WBGene00247811,WBGene00248105,WBGene00248559,WBGene00249156
CC  transfac_consensus: 
CC  matrix.nb: 19
XX
//
AC  M00178_2.00
XX
ID  WBGene00243571
XX
DE  WBGene00243571
P0       A     C     G     T
1    21.2984 41.6099 14.2972 22.7946
2    20.1998 40.1559 18.2516 21.3926
3    43.2247 8.32387 17.9282 30.5232
4    39.4149 9.88162 14.6383 36.0651
5    53.2912 7.59976 11.8189 27.2901
6    27.2901 11.8189 7.59976 53.2912
7    36.0651 14.6383 9.88162 39.4149
8    30.5232 17.9282 8.32387 43.2247
9    21.3926 18.2516 40.1559 20.1998
10   22.7946 14.2972 41.6099 21.2984
XX
CC  residue_type: 
CC  program: transfac
CC  matrix.nb: 20
CC  accession: M00178_2.00
CC  AC: M00178_2.00
CC  id: M00178_2.00
CC  name: WBGene00243571
CC  version: 
CC  name: WBGene00243571
CC  description: WBGene00243571
CC  transfac_consensus: 
CC  matrix.nb: 20
XX
//
AC  M00181_2.00
XX
ID  WBGene00237159,WBGene00237160,WBGene00237162,WBGene00237163,WBGene00237273,WBGene00237444,WBGene00237636,WBGene00239244,WBGene00239648,WBGene00239805,WBGene00241550,WBGene00245009
XX
DE  WBGene00237159,WBGene00237160,WBGene00237162,WBGene00237163,WBGene00237273,WBGene00237444,WBGene00237636,WBGene00239244,WBGene00239648,WBGene00239805,WBGene00241550,WBGene00245009
P0       A     C     G     T
1    32.5203 22.9167 17.67 26.893
2    30.2762 11.9456 48.9286 8.84952
3    44.7338 0.0344147 55.1871 0.0446335
4    4.18048 0.0160897 95.6243 0.179143
5    2.35816 0.0259361 76.5452 21.0707
6    4.86148 0.0240251 8.51085 86.6036
7    8.11156 68.2577 9.7113 13.9195
8    81.4947 0.0278907 16.9546 1.52278
9    27.0941 31.4788 14.8695 26.5576
10   25.1452 22.3018 31.9658 20.5872
XX
CC  residue_type: 
CC  program: transfac
CC  matrix.nb: 21
CC  accession: M00181_2.00
CC  AC: M00181_2.00
CC  id: M00181_2.00
CC  name: WBGene00237159,WBGene00237160,WBGene00237162,WBGene00237163,WBGene00237273,WBGene00237444,WBGene00237636,WBGene00239244,WBGene00239648,WBGene00239805,WBGene00241550,WBGene00245009
CC  version: 
CC  name: WBGene00237159,WBGene00237160,WBGene00237162,WBGene00237163,WBGene00237273,WBGene00237444,WBGene00237636,WBGene00239244,WBGene00239648,WBGene00239805,WBGene00241550,WBGene00245009
CC  description: WBGene00237159,WBGene00237160,WBGene00237162,WBGene00237163,WBGene00237273,WBGene00237444,WBGene00237636,WBGene00239244,WBGene00239648,WBGene00239805,WBGene00241550,WBGene00245009
CC  transfac_consensus: 
CC  matrix.nb: 21
XX
//
AC  M00182_2.00
XX
ID  WBGene00236987,WBGene00237444,WBGene00239244,WBGene00239376
XX
DE  WBGene00236987,WBGene00237444,WBGene00239244,WBGene00239376
P0       A     C     G     T
1    33.5787 22.7347 21.8433 21.8433
2    30.8956 14.7407 41.2898 13.0739
3    38.4796 4.61877 52.464 4.43766
4    1.81957 0.0549462 93.5597 4.56583
5    6.60963 0.0114305 42.036 51.3429
6    12.7654 37.9679 10.1426 39.1242
7    15.3029 65.2382 10.361 9.09791
8    58.6362 9.21979 25.3139 6.83019
9    30.759 25.9503 19.8099 23.4808
10   26.9577 23.9094 22.9719 26.161
XX
CC  residue_type: 
CC  program: transfac
CC  matrix.nb: 22
CC  accession: M00182_2.00
CC  AC: M00182_2.00
CC  id: M00182_2.00
CC  name: WBGene00236987,WBGene00237444,WBGene00239244,WBGene00239376
CC  version: 
CC  name: WBGene00236987,WBGene00237444,WBGene00239244,WBGene00239376
CC  description: WBGene00236987,WBGene00237444,WBGene00239244,WBGene00239376
CC  transfac_consensus: 
CC  matrix.nb: 22
XX
//
AC  M00183_2.00
XX
ID  WBGene00237159,WBGene00237163
XX
DE  WBGene00237159,WBGene00237163
P0       A     C     G     T
1    21.0071 43.5914 24.652 10.7495
2    70.3605 2.6212 18.9847 8.0336
3    86.5652 2.66685 10.0835 0.684476
4    3.20962 0.0467077 89.6716 7.07208
5    1.44404 0.32221 97.2658 0.967971
6    12.3392 0.796745 12.2164 74.6477
7    0.816941 77.3091 7.75092 14.1231
8    73.1929  1.98 22.0453 2.7818
9    29.5829 25.9766 12.3938 32.0467
XX
CC  residue_type: 
CC  program: transfac
CC  matrix.nb: 23
CC  accession: M00183_2.00
CC  AC: M00183_2.00
CC  id: M00183_2.00
CC  name: WBGene00237159,WBGene00237163
CC  version: 
CC  name: WBGene00237159,WBGene00237163
CC  description: WBGene00237159,WBGene00237163
CC  transfac_consensus: 
CC  matrix.nb: 23
XX
//
AC  M00184_2.00
XX
ID  WBGene00237159,WBGene00237160,WBGene00237162,WBGene00237163,WBGene00237273,WBGene00237444,WBGene00237636,WBGene00239244,WBGene00239805,WBGene00241550,WBGene00245913
XX
DE  WBGene00237159,WBGene00237160,WBGene00237162,WBGene00237163,WBGene00237273,WBGene00237444,WBGene00237636,WBGene00239244,WBGene00239805,WBGene00241550,WBGene00245913
P0       A     C     G     T
1    34.3561 11.7844 44.1142 9.74526
2    51.9548 1.01043 46.5429 0.491828
3    0.563964 0.037151 97.2451 2.1538
4    1.41191 0.0182233 94.1551 4.41472
5    0.487951 1.48062 3.16597 94.8655
6    0.468914 89.3593 2.83677 7.33506
7    85.1749 1.06685 12.1182 1.64002
8    30.4843 30.4843 15.2902 23.7412
XX
CC  residue_type: 
CC  program: transfac
CC  matrix.nb: 24
CC  accession: M00184_2.00
CC  AC: M00184_2.00
CC  id: M00184_2.00
CC  name: WBGene00237159,WBGene00237160,WBGene00237162,WBGene00237163,WBGene00237273,WBGene00237444,WBGene00237636,WBGene00239244,WBGene00239805,WBGene00241550,WBGene00245913
CC  version: 
CC  name: WBGene00237159,WBGene00237160,WBGene00237162,WBGene00237163,WBGene00237273,WBGene00237444,WBGene00237636,WBGene00239244,WBGene00239805,WBGene00241550,WBGene00245913
CC  description: WBGene00237159,WBGene00237160,WBGene00237162,WBGene00237163,WBGene00237273,WBGene00237444,WBGene00237636,WBGene00239244,WBGene00239805,WBGene00241550,WBGene00245913
CC  transfac_consensus: 
CC  matrix.nb: 24
XX
//
AC  M00185_2.00
XX
ID  WBGene00237159,WBGene00237160,WBGene00237162,WBGene00237163,WBGene00237273,WBGene00237444,WBGene00237636,WBGene00239244,WBGene00239805,WBGene00241550,WBGene00245913
XX
DE  WBGene00237159,WBGene00237160,WBGene00237162,WBGene00237163,WBGene00237273,WBGene00237444,WBGene00237636,WBGene00239244,WBGene00239805,WBGene00241550,WBGene00245913
P0       A     C     G     T
1    34.7647 15.1591 34.7647 15.3115
2    56.4155 8.43799 33.2064 1.94011
3    0.431733 0.00460807 95.5885 3.97511
4    0.465096 0.00118797 81.8173 17.7164
5    5.08181 3.58109 6.92867 84.4084
6    1.85409 85.4042 4.51495 8.22678
7    87.2278 0.605636 10.4701 1.69643
8    26.8794 32.8306 17.8385 22.4515
XX
CC  residue_type: 
CC  program: transfac
CC  matrix.nb: 25
CC  accession: M00185_2.00
CC  AC: M00185_2.00
CC  id: M00185_2.00
CC  name: WBGene00237159,WBGene00237160,WBGene00237162,WBGene00237163,WBGene00237273,WBGene00237444,WBGene00237636,WBGene00239244,WBGene00239805,WBGene00241550,WBGene00245913
CC  version: 
CC  name: WBGene00237159,WBGene00237160,WBGene00237162,WBGene00237163,WBGene00237273,WBGene00237444,WBGene00237636,WBGene00239244,WBGene00239805,WBGene00241550,WBGene00245913
CC  description: WBGene00237159,WBGene00237160,WBGene00237162,WBGene00237163,WBGene00237273,WBGene00237444,WBGene00237636,WBGene00239244,WBGene00239805,WBGene00241550,WBGene00245913
CC  transfac_consensus: 
CC  matrix.nb: 25
XX
//
AC  M00186_2.00
XX
ID  WBGene00247845
XX
DE  WBGene00247845
P0       A     C     G     T
1    7.19686 2.75563 87.6757 2.37179
2    4.37506 6.2085 8.29722 81.1192
3    26.3828 19.5449 3.535 50.5373
4    27.7657 5.02187 47.6462 19.5662
5    4.0535 62.1518 6.42104 27.3736
6    2.77353 45.156 9.11683 42.9537
7    57.9359 13.59 15.0193 13.4548
8    26.8595 15.6524 26.5923 30.8958
9    10.8591 16.861 65.6936 6.58636
10   16.9606 26.3349 36.9991 19.7054
XX
CC  residue_type: 
CC  program: transfac
CC  matrix.nb: 26
CC  accession: M00186_2.00
CC  AC: M00186_2.00
CC  id: M00186_2.00
CC  name: WBGene00247845
CC  version: 
CC  name: WBGene00247845
CC  description: WBGene00247845
CC  transfac_consensus: 
CC  matrix.nb: 26
XX
//
AC  M00188_2.00
XX
ID  WBGene00247845
XX
DE  WBGene00247845
P0       A     C     G     T
1    10.4605 58.4172 19.4454 11.6769
2    26.6268 28.2733 15.6727 29.4272
3    9.87183 11.2423 7.38673 71.4991
4    51.2814 10.1485 36.5006 2.06954
5    25.517 10.3744 57.3599 6.74867
6    18.4311 45.7887 3.8345 31.9457
7    48.4397 1.89709 23.3435 26.3197
8    86.9982 5.39724 4.78692 2.81761
9    2.19106 90.4128 0.26564 7.13053
10   23.6202 30.0271 33.5186 12.834
XX
CC  residue_type: 
CC  program: transfac
CC  matrix.nb: 27
CC  accession: M00188_2.00
CC  AC: M00188_2.00
CC  id: M00188_2.00
CC  name: WBGene00247845
CC  version: 
CC  name: WBGene00247845
CC  description: WBGene00247845
CC  transfac_consensus: 
CC  matrix.nb: 27
XX
//
AC  M00193_2.00
XX
ID  WBGene00238322
XX
DE  WBGene00238322
P0       A     C     G     T
1    18.1253 20.0316 10.5625 51.2805
2    19.3981 15.7238 16.2027 48.6755
3    16.5856 19.078 10.8975 53.4388
4    21.4521 23.4724 38.6994 16.3761
5    36.6461 20.1118 16.6316 26.6105
6    24.5754 19.7223 15.9866 39.7157
7    20.4582 30.2164 32.4073 16.9181
8    22.6849 22.0145 21.7954 33.5052
9    25.735 22.1503 24.2363 27.8784
XX
CC  residue_type: 
CC  program: transfac
CC  matrix.nb: 28
CC  accession: M00193_2.00
CC  AC: M00193_2.00
CC  id: M00193_2.00
CC  name: WBGene00238322
CC  version: 
CC  name: WBGene00238322
CC  description: WBGene00238322
CC  transfac_consensus: 
CC  matrix.nb: 28
XX
//
AC  M00195_2.00
XX
ID  WBGene00241539
XX
DE  WBGene00241539
P0       A     C     G     T
1    27.9067 18.1426 18.1426 35.8081
2    28.9551 18.9085 21.2315 30.9049
3    0.01051 0.01051 0.01051 99.9685
4    0.01051 0.01051 99.9685 0.01051
5    0.01051 99.9685 0.01051 0.01051
6    0.01051 0.01051 0.01051 99.9685
7    0.01051 0.01051 99.9685 0.01051
8    99.9685 0.01051 0.01051 0.01051
9    6.86789 61.313 16.2332 15.5859
10   24.1038 14.719 14.719 46.4583
XX
CC  residue_type: 
CC  program: transfac
CC  matrix.nb: 29
CC  accession: M00195_2.00
CC  AC: M00195_2.00
CC  id: M00195_2.00
CC  name: WBGene00241539
CC  version: 
CC  name: WBGene00241539
CC  description: WBGene00241539
CC  transfac_consensus: 
CC  matrix.nb: 29
XX
//
AC  M00197_2.00
XX
ID  WBGene00237571,WBGene00238744,WBGene00240468,WBGene00240587,WBGene00241539,WBGene00241896
XX
DE  WBGene00237571,WBGene00238744,WBGene00240468,WBGene00240587,WBGene00241539,WBGene00241896
P0       A     C     G     T
1    31.2219 20.108 25.3079 23.3622
2    31.5226 16.1304 28.5228 23.8242
3    42.5231 16.6107 21.7594 19.1068
4    60.2919 4.30251 2.97189 32.4337
5    5.82109 50.4755 24.569 19.1344
6    97.1833 1.64312 0.0386425 1.13496
7    89.0196 3.12319 7.837 0.0202188
8    18.0233 5.21565 4.40026 72.3608
XX
CC  residue_type: 
CC  program: transfac
CC  matrix.nb: 30
CC  accession: M00197_2.00
CC  AC: M00197_2.00
CC  id: M00197_2.00
CC  name: WBGene00237571,WBGene00238744,WBGene00240468,WBGene00240587,WBGene00241539,WBGene00241896
CC  version: 
CC  name: WBGene00237571,WBGene00238744,WBGene00240468,WBGene00240587,WBGene00241539,WBGene00241896
CC  description: WBGene00237571,WBGene00238744,WBGene00240468,WBGene00240587,WBGene00241539,WBGene00241896
CC  transfac_consensus: 
CC  matrix.nb: 30
XX
//
AC  M00198_2.00
XX
ID  WBGene00238322
XX
DE  WBGene00238322
P0       A     C     G     T
1    48.7867 12.903 19.4424 18.8678
2    10.5157 36.7034 40.5635 12.2175
3    63.7879 4.46185 2.21569 29.5346
4    12.7896 3.66428 1.38907 82.157
5    11.7054 66.6899 13.5998 8.0049
6    87.5401 1.39389 1.36629 9.69972
7    81.883 4.64268 8.54453 4.92977
8    72.8316 1.97023 10.7849 14.4133
9    17.9802 17.8013 56.2199 7.99863
10   26.7968 18.6955 40.3779 14.1298
XX
CC  residue_type: 
CC  program: transfac
CC  matrix.nb: 31
CC  accession: M00198_2.00
CC  AC: M00198_2.00
CC  id: M00198_2.00
CC  name: WBGene00238322
CC  version: 
CC  name: WBGene00238322
CC  description: WBGene00238322
CC  transfac_consensus: 
CC  matrix.nb: 31
XX
//
AC  M00199_2.00
XX
ID  WBGene00237571,WBGene00238744,WBGene00240468,WBGene00240587,WBGene00241896
XX
DE  WBGene00237571,WBGene00238744,WBGene00240468,WBGene00240587,WBGene00241896
P0       A     C     G     T
1    27.2019 22.0494 24.6133 26.1353
2    26.2729 21.2964 28.1779 24.2529
3    27.2786 20.6167 31.6932 20.4116
4    47.1453 15.078 19.3605 18.4163
5    40.6978 5.08438 4.50944 49.7084
6    8.03233 40.996 41.8242 9.14745
7    93.4269 0.0353371 0.00270455 6.53505
8    94.1936 2.28268 3.50907 0.0146305
9    11.5517 5.34858 3.51427 79.5855
XX
CC  residue_type: 
CC  program: transfac
CC  matrix.nb: 32
CC  accession: M00199_2.00
CC  AC: M00199_2.00
CC  id: M00199_2.00
CC  name: WBGene00237571,WBGene00238744,WBGene00240468,WBGene00240587,WBGene00241896
CC  version: 
CC  name: WBGene00237571,WBGene00238744,WBGene00240468,WBGene00240587,WBGene00241896
CC  description: WBGene00237571,WBGene00238744,WBGene00240468,WBGene00240587,WBGene00241896
CC  transfac_consensus: 
CC  matrix.nb: 32
XX
//
AC  M00200_2.00
XX
ID  WBGene00238322
XX
DE  WBGene00238322
P0       A     C     G     T
1    48.7159 13.4101 19.221 18.653
2    10.3241 36.7628 41.0375 11.8756
3    63.9521 4.17091 2.26627 29.6107
4    11.8677 3.50372 1.21388 83.4147
5    10.7632 67.7712 13.4118 8.05374
6    87.4585 1.71801 1.32467 9.49879
7    80.9823 5.89574 8.62126 4.50069
8    75.8453 1.40312 9.96118 12.7904
9    18.2254 17.5107 57.5592 6.70473
10   28.4337 18.3124 40.3494 12.9045
XX
CC  residue_type: 
CC  program: transfac
CC  matrix.nb: 33
CC  accession: M00200_2.00
CC  AC: M00200_2.00
CC  id: M00200_2.00
CC  name: WBGene00238322
CC  version: 
CC  name: WBGene00238322
CC  description: WBGene00238322
CC  transfac_consensus: 
CC  matrix.nb: 33
XX
//
AC  M00201_2.00
XX
ID  WBGene00237571,WBGene00238744,WBGene00240468,WBGene00240587,WBGene00241896
XX
DE  WBGene00237571,WBGene00238744,WBGene00240468,WBGene00240587,WBGene00241896
P0       A     C     G     T
1    80.6958 1.8417 1.49285 15.9696
2    0.0157525 6.355 0.94105 92.6882
3    0.0161598 0.0156822 0.00794488 99.9602
4    26.159 7.87895 64.9875 0.974525
5    8.32981 2.33927 2.8572 86.4737
6    10.2484 26.2358 14.2552 49.2606
7    24.5858 28.8517 19.9289 26.6335
8    20.1761 27.2348 16.1917 36.3974
9    22.4773 24.8413 28.5743 24.1071
10   19.3695 30.9911 19.5642 30.0752
XX
CC  residue_type: 
CC  program: transfac
CC  matrix.nb: 34
CC  accession: M00201_2.00
CC  AC: M00201_2.00
CC  id: M00201_2.00
CC  name: WBGene00237571,WBGene00238744,WBGene00240468,WBGene00240587,WBGene00241896
CC  version: 
CC  name: WBGene00237571,WBGene00238744,WBGene00240468,WBGene00240587,WBGene00241896
CC  description: WBGene00237571,WBGene00238744,WBGene00240468,WBGene00240587,WBGene00241896
CC  transfac_consensus: 
CC  matrix.nb: 34
XX
//
AC  M00202_2.00
XX
ID  WBGene00237571,WBGene00238744,WBGene00240468,WBGene00240587,WBGene00241896
XX
DE  WBGene00237571,WBGene00238744,WBGene00240468,WBGene00240587,WBGene00241896
P0       A     C     G     T
1    63.1817 5.61822 6.2715 24.9286
2    0.0159885 5.44181 4.15417 90.388
3    9.00568 0.054359 2.00944 88.9305
4    20.184 25.9167 44.9203 8.97901
5    32.5271 6.90381 9.04375 51.5253
6    23.9857 22.8159 19.8352 33.3633
7    23.8056 26.0475 19.8841 30.2628
8    25.2609 23.7898 22.1815 28.7678
9    25.4386 24.9349 24.4411 25.1855
XX
CC  residue_type: 
CC  program: transfac
CC  matrix.nb: 35
CC  accession: M00202_2.00
CC  AC: M00202_2.00
CC  id: M00202_2.00
CC  name: WBGene00237571,WBGene00238744,WBGene00240468,WBGene00240587,WBGene00241896
CC  version: 
CC  name: WBGene00237571,WBGene00238744,WBGene00240468,WBGene00240587,WBGene00241896
CC  description: WBGene00237571,WBGene00238744,WBGene00240468,WBGene00240587,WBGene00241896
CC  transfac_consensus: 
CC  matrix.nb: 35
XX
//
AC  M00203_2.00
XX
ID  WBGene00237571,WBGene00238744,WBGene00240468,WBGene00240587,WBGene00241896
XX
DE  WBGene00237571,WBGene00238744,WBGene00240468,WBGene00240587,WBGene00241896
P0       A     C     G     T
1    71.1397 6.26292 7.49807 15.0993
2    1.36226 10.2692 3.66616 84.7024
3    3.57065 0.534057 0.0489354 95.8464
4    16.3603 11.0768 67.6843 4.87858
5    8.39743 3.58919 3.41414 84.5992
6    11.7419 27.1985 13.9177 47.1419
7    22.3078 34.2928 16.6921 26.7073
8    21.5726 28.2593 17.6621 32.506
XX
CC  residue_type: 
CC  program: transfac
CC  matrix.nb: 36
CC  accession: M00203_2.00
CC  AC: M00203_2.00
CC  id: M00203_2.00
CC  name: WBGene00237571,WBGene00238744,WBGene00240468,WBGene00240587,WBGene00241896
CC  version: 
CC  name: WBGene00237571,WBGene00238744,WBGene00240468,WBGene00240587,WBGene00241896
CC  description: WBGene00237571,WBGene00238744,WBGene00240468,WBGene00240587,WBGene00241896
CC  transfac_consensus: 
CC  matrix.nb: 36
XX
//
AC  M00204_2.00
XX
ID  WBGene00237571,WBGene00238744,WBGene00240468,WBGene00240587,WBGene00241896
XX
DE  WBGene00237571,WBGene00238744,WBGene00240468,WBGene00240587,WBGene00241896
P0       A     C     G     T
1    30.4046 20.7925 24.1575 24.6455
2    31.6486 18.2597 26.1721 23.9195
3    34.7135 19.436 22.5814 23.2691
4    59.5861 7.2967 6.34345 26.7738
5    7.84313 50.3822 22.8657 18.909
6    88.3669 2.53831 0.0562189 9.03854
7    90.2298 3.19747 5.48688 1.08585
8    18.2652 6.32809 4.24185 71.1648
XX
CC  residue_type: 
CC  program: transfac
CC  matrix.nb: 37
CC  accession: M00204_2.00
CC  AC: M00204_2.00
CC  id: M00204_2.00
CC  name: WBGene00237571,WBGene00238744,WBGene00240468,WBGene00240587,WBGene00241896
CC  version: 
CC  name: WBGene00237571,WBGene00238744,WBGene00240468,WBGene00240587,WBGene00241896
CC  description: WBGene00237571,WBGene00238744,WBGene00240468,WBGene00240587,WBGene00241896
CC  transfac_consensus: 
CC  matrix.nb: 37
XX
//
AC  M00205_2.00
XX
ID  WBGene00237571,WBGene00238744,WBGene00240468,WBGene00240587,WBGene00241896
XX
DE  WBGene00237571,WBGene00238744,WBGene00240468,WBGene00240587,WBGene00241896
P0       A     C     G     T
1    21.9705 34.8028 9.11298 34.1137
2    58.8175 3.72266 7.05996 30.3999
3    0.0309317 3.50443 5.17597 91.2887
4    2.52516 2.04685 0.197169 95.2308
5    15.8336 11.6131 70.2551 2.29822
6    11.3178 3.80524 2.90484 81.9721
7    10.9991 29.3067 16.4088 43.2854
8    21.8075 31.2573 15.6779 31.2573
9    19.5622 25.6257 20.5651 34.2469
10   21.9142 24.9565 24.7082 28.4212
XX
CC  residue_type: 
CC  program: transfac
CC  matrix.nb: 38
CC  accession: M00205_2.00
CC  AC: M00205_2.00
CC  id: M00205_2.00
CC  name: WBGene00237571,WBGene00238744,WBGene00240468,WBGene00240587,WBGene00241896
CC  version: 
CC  name: WBGene00237571,WBGene00238744,WBGene00240468,WBGene00240587,WBGene00241896
CC  description: WBGene00237571,WBGene00238744,WBGene00240468,WBGene00240587,WBGene00241896
CC  transfac_consensus: 
CC  matrix.nb: 38
XX
//
AC  M00206_2.00
XX
ID  WBGene00237571,WBGene00238744,WBGene00240468,WBGene00240587,WBGene00241896
XX
DE  WBGene00237571,WBGene00238744,WBGene00240468,WBGene00240587,WBGene00241896
P0       A     C     G     T
1    32.9744 19.604 24.185 23.2367
2    31.5975 16.1687 28.5906 23.6432
3    38.7559 18.491 21.4834 21.2697
4    69.6768 5.8936 5.44048 18.9891
5    4.65359 50.7869 19.8388 24.7207
6    99.7612 0.129093 0.0814944 0.0282342
7    90.2273 5.43213 4.31601 0.0245347
8    22.1148 3.54751 3.08406 71.2537
XX
CC  residue_type: 
CC  program: transfac
CC  matrix.nb: 39
CC  accession: M00206_2.00
CC  AC: M00206_2.00
CC  id: M00206_2.00
CC  name: WBGene00237571,WBGene00238744,WBGene00240468,WBGene00240587,WBGene00241896
CC  version: 
CC  name: WBGene00237571,WBGene00238744,WBGene00240468,WBGene00240587,WBGene00241896
CC  description: WBGene00237571,WBGene00238744,WBGene00240468,WBGene00240587,WBGene00241896
CC  transfac_consensus: 
CC  matrix.nb: 39
XX
//
AC  M00207_2.00
XX
ID  WBGene00238322
XX
DE  WBGene00238322
P0       A     C     G     T
1    19.4088 29.2455 32.3213 19.0245
2    42.1098 16.7815 17.9983 23.1103
3    24.8778 13.929 15.8628 45.3303
4    18.2174 43.9204 21.3784 16.4838
5    65.195 3.18159 10.5633 21.0601
6    61.9209 10.1336 13.2747 14.6708
7    49.3892 10.802 16.9409 22.8679
8    24.537 21.7624 35.5231 18.1775
XX
CC  residue_type: 
CC  program: transfac
CC  matrix.nb: 40
CC  accession: M00207_2.00
CC  AC: M00207_2.00
CC  id: M00207_2.00
CC  name: WBGene00238322
CC  version: 
CC  name: WBGene00238322
CC  description: WBGene00238322
CC  transfac_consensus: 
CC  matrix.nb: 40
XX
//
AC  M00208_2.00
XX
ID  WBGene00237571,WBGene00238744,WBGene00240468,WBGene00240587,WBGene00241896
XX
DE  WBGene00237571,WBGene00238744,WBGene00240468,WBGene00240587,WBGene00241896
P0       A     C     G     T
1    61.0507 8.01813 8.01813 22.913
2    2.7959 8.74215 5.51877 82.9432
3    7.74342 3.0859 2.08933 87.0814
4    23.7747 20.6688 47.8765 7.68003
5    24.0465 7.8459 7.76783 60.3397
6    22.2149 22.4382 20.507 34.8399
7    23.0661 27.3404 18.1445 31.449
8    23.624 24.8352 21.8077 29.7331
9    24.0132 25.4981 25.2444 25.2444
XX
CC  residue_type: 
CC  program: transfac
CC  matrix.nb: 41
CC  accession: M00208_2.00
CC  AC: M00208_2.00
CC  id: M00208_2.00
CC  name: WBGene00237571,WBGene00238744,WBGene00240468,WBGene00240587,WBGene00241896
CC  version: 
CC  name: WBGene00237571,WBGene00238744,WBGene00240468,WBGene00240587,WBGene00241896
CC  description: WBGene00237571,WBGene00238744,WBGene00240468,WBGene00240587,WBGene00241896
CC  transfac_consensus: 
CC  matrix.nb: 41
XX
//
AC  M00209_2.00
XX
ID  WBGene00237571,WBGene00238744,WBGene00240468,WBGene00240587,WBGene00241896
XX
DE  WBGene00237571,WBGene00238744,WBGene00240468,WBGene00240587,WBGene00241896
P0       A     C     G     T
1    29.8569 21.2512 24.6904 24.2015
2    31.925 17.5208 26.666 23.8883
3    35.7639 19.239 23.7347 21.2624
4    67.9599 5.52298 5.63455 20.8826
5    5.68531 55.5835 18.6881 20.0431
6    93.1608 1.19045 0.0957828 5.55294
7    86.9014 2.62419 8.1236 2.35084
8    18.3811 5.99739 4.71771 70.9038
XX
CC  residue_type: 
CC  program: transfac
CC  matrix.nb: 42
CC  accession: M00209_2.00
CC  AC: M00209_2.00
CC  id: M00209_2.00
CC  name: WBGene00237571,WBGene00238744,WBGene00240468,WBGene00240587,WBGene00241896
CC  version: 
CC  name: WBGene00237571,WBGene00238744,WBGene00240468,WBGene00240587,WBGene00241896
CC  description: WBGene00237571,WBGene00238744,WBGene00240468,WBGene00240587,WBGene00241896
CC  transfac_consensus: 
CC  matrix.nb: 42
XX
//
AC  M00210_2.00
XX
ID  WBGene00237571,WBGene00238744,WBGene00240468,WBGene00240587,WBGene00241896
XX
DE  WBGene00237571,WBGene00238744,WBGene00240468,WBGene00240587,WBGene00241896
P0       A     C     G     T
1    58.2313 4.54679 6.51705 30.7049
2    0.0166176 2.69853 4.27468 93.0102
3    0.0693727 0.419681 0.845133 98.6658
4    16.2207 11.2042 71.2568 1.31823
5    6.28897 2.07259 0.825965 90.8125
6    11.5259 28.067 20.178 40.2292
7    23.9591 30.458 15.125 30.458
8    24.5191 23.0912 21.5301 30.8597
9    21.3432 28.5237 24.0644 26.0687
XX
CC  residue_type: 
CC  program: transfac
CC  matrix.nb: 43
CC  accession: M00210_2.00
CC  AC: M00210_2.00
CC  id: M00210_2.00
CC  name: WBGene00237571,WBGene00238744,WBGene00240468,WBGene00240587,WBGene00241896
CC  version: 
CC  name: WBGene00237571,WBGene00238744,WBGene00240468,WBGene00240587,WBGene00241896
CC  description: WBGene00237571,WBGene00238744,WBGene00240468,WBGene00240587,WBGene00241896
CC  transfac_consensus: 
CC  matrix.nb: 43
XX
//
AC  M00211_2.00
XX
ID  WBGene00237571,WBGene00238744,WBGene00240468,WBGene00240587,WBGene00241896
XX
DE  WBGene00237571,WBGene00238744,WBGene00240468,WBGene00240587,WBGene00241896
P0       A     C     G     T
1    80.8545 3.60619 2.9525 12.5868
2    0.0357429 6.87985 2.2901 90.7943
3    0.0145589 0.350094 0.106506 99.5288
4    26.8341 11.701 59.1261 2.33888
5    14.0246 1.68339 1.95582 82.3362
6    20.0067 21.6731 19.2223 39.0979
7    20.5896 32.9433 16.3592 30.1079
8    18.8912 27.9019 19.4665 33.7404
