AC  M00153_2.00
XX
ID  OSTLU_119601
XX
DE  OSTLU_119601
P0       A     C     G     T
1    32.8844 15.8473 19.3559 31.9125
2    34.0062 13.8259 13.8259 38.3419
3    25.0781 15.2106 24.8285 34.8828
4    14.6662 21.2328 47.7294 16.3716
5    4.91485 10.9382 84.1214 0.0255341
6    9.86661 88.1603 0.000902047 1.97221
7    0.122809 0.00133727 97.7948 2.08105
8    2.25807 62.459 32.6064 2.6765
9    13.5566 28.4138 36.121 21.9085
10   23.4821 29.2605 18.2879 28.9694
XX
CC  program: cis-bp
CC  matrix.nb: 1
CC  accession: M00153_2.00.txt_1
CC  AC: M00153_2.00.txt_1
CC  id: M00153_2.00.txt_1
CC  name: M00153_2.00.txt_1
CC  version: 
CC  matrix.nb: 1
CC  consensus.strict: attgGCGcgc
CC  consensus.strict.rc: GCGCGCCAAT
CC  consensus.IUPAC: wwwgGCGssy
CC  consensus.IUPAC.rc: RSSCGCCWWW
CC  consensus.regexp: [at][at][at]gGCG[cg][cg][ct]
CC  consensus.regexp.rc: [AG][CG][CG]CGCC[AT][AT][AT]
XX
//
AC  M00154_2.00
XX
ID  OSTLU_119601
XX
DE  OSTLU_119601
P0       A     C     G     T
1    32.3791 15.7606 18.4952 33.3651
2    35.6499 12.3511 13.3798 38.6191
3    25.2758 14.4378 24.7753 35.5112
4    12.6742 20.0769 54.5747 12.6742
5    2.3207 7.47728 90.1856 0.0164385
6    6.97406 91.1218 0.02242 1.88174
7    0.017554 0.00254793 98.2509 1.72897
8    1.1409 61.0578 35.9389 1.86232
9    10.8464 26.1496 38.6224 24.3817
10   25.0797 27.1685 16.8114 30.9403
XX
CC  program: cis-bp
CC  matrix.nb: 1
CC  accession: M00154_2.00.txt_1
CC  AC: M00154_2.00.txt_1
CC  id: M00154_2.00.txt_1
CC  name: M00154_2.00.txt_1
CC  version: 
CC  matrix.nb: 1
CC  consensus.strict: tttgGCGcgt
CC  consensus.strict.rc: ACGCGCCAAA
CC  consensus.IUPAC: wwwgGCGssh
CC  consensus.IUPAC.rc: DSSCGCCWWW
CC  consensus.regexp: [at][at][at]gGCG[cg][cg][act]
CC  consensus.regexp.rc: [AGT][CG][CG]CGCC[AT][AT][AT]
XX
//
AC  M00216_2.00
XX
ID  OSTLU_26716
XX
DE  OSTLU_26716
P0       A     C     G     T
1    31.7192 18.8577 17.0632 32.36
2    37.7028 11.0202 11.2429 40.0342
3    23.8466 12.3251 12.3251 51.5031
4    53.2428 0.0769087 9.53399 37.1463
5    29.0314 0.0533106 6.94748 63.9678
6    71.578 7.85215 19.121 1.44887
7    28.9234 11.9969 10.4296 48.65
XX
CC  program: cis-bp
CC  matrix.nb: 1
CC  accession: M00216_2.00.txt_1
CC  AC: M00216_2.00.txt_1
CC  id: M00216_2.00.txt_1
CC  name: M00216_2.00.txt_1
CC  version: 
CC  matrix.nb: 1
CC  consensus.strict: tttatAt
CC  consensus.strict.rc: ATATAAA
CC  consensus.IUPAC: wwtwwAw
CC  consensus.IUPAC.rc: WTWWAWW
CC  consensus.regexp: [at][at]t[at][at]A[at]
CC  consensus.regexp.rc: [AT]T[AT][AT]A[AT][AT]
XX
//
AC  M00662_2.00
XX
ID  OSTLU_119601
XX
DE  OSTLU_119601
P0       A     C     G     T
1    18.0875 17.553 26.4491 37.9103
2    11.3831 30.3299 47.5667 10.7202
3    4.22051 18.915 76.7041 0.160406
4    0.00575609 99.7336 0.00587237 0.254744
5    0.00683755 0.0393474 99.9505     0
6    0.00823371 65.3974 33.1314 1.46299
7    14.1157 28.1427 44.5802 13.1614
8    19.2979 39.6462 12.5534 28.5026
9    39.0468 12.1188 15.5609 33.2735
10   27.3962 19.4998 19.3058 33.7981
XX
CC  program: cis-bp
CC  matrix.nb: 1
CC  accession: M00662_2.00.txt_1
CC  AC: M00662_2.00.txt_1
CC  id: M00662_2.00.txt_1
CC  name: M00662_2.00.txt_1
CC  version: 
CC  matrix.nb: 1
CC  consensus.strict: tgGCGcgcat
CC  consensus.strict.rc: ATGCGCGCCA
CC  consensus.IUPAC: ksGCGssyww
CC  consensus.IUPAC.rc: WWRSSCGCSM
CC  consensus.regexp: [gt][cg]GCG[cg][cg][ct][at][at]
CC  consensus.regexp.rc: [AT][AT][AG][CG][CG]CGC[CG][AC]
XX
//
AC  M00718_2.00
XX
ID  OSTLU_23938
XX
DE  OSTLU_23938
P0       A     C     G     T
1       20    50 13.3333 16.6667
2    2.7027 5.40541 89.1892 2.7027
3    2.63158 60.5263 34.2105 2.63158
4    2.63158 89.4737 5.26316 2.63158
5    7.89474 2.63158 84.2105 5.26316
6    2.63158 23.6842 71.0526 2.63158
7    2.7027 91.8919 2.7027 2.7027
8    10.3448 58.6207 17.2414 13.7931
XX
CC  program: cis-bp
CC  matrix.nb: 1
CC  accession: M00718_2.00.txt_1
CC  AC: M00718_2.00.txt_1
CC  id: M00718_2.00.txt_1
CC  name: M00718_2.00.txt_1
CC  version: 
CC  matrix.nb: 1
CC  consensus.strict: cGcCGGCc
CC  consensus.strict.rc: GGCCGGCG
CC  consensus.IUPAC: cGsCGGCc
CC  consensus.IUPAC.rc: GGCCGSCG
CC  consensus.regexp: cG[cg]CGGCc
CC  consensus.regexp.rc: GGCCG[CG]CG
XX
//
AC  M00719_2.00
XX
ID  OSTLU_23938,OSTLU_9237
XX
DE  OSTLU_23938,OSTLU_9237
P0       A     C     G     T
1    25.334 23.8587 21.3734 29.4339
2    23.8515 21.7986 26.36 27.99
3    21.6235 7.19783 58.1939 12.9848
4    11.4251 50.19 24.4301 13.9547
5    0.957587 66.464 0.226879 32.3515
6    20.354 0.446318 77.7326 1.46708
7    14.8179 32.6497 28.1018 24.4306
8    23.9004 34.6014 22.5085 18.9897
XX
CC  program: cis-bp
CC  matrix.nb: 1
CC  accession: M00719_2.00.txt_1
CC  AC: M00719_2.00.txt_1
CC  id: M00719_2.00.txt_1
CC  name: M00719_2.00.txt_1
CC  version: 
CC  matrix.nb: 1
CC  consensus.strict: ttgccGcc
CC  consensus.strict.rc: GGCGGCAA
CC  consensus.IUPAC: wkgcyGsc
CC  consensus.IUPAC.rc: GSCRGCMW
CC  consensus.regexp: [at][gt]gc[ct]G[cg]c
CC  consensus.regexp.rc: G[CG]C[AG]GC[AC][AT]
XX
//
AC  M00720_2.00
XX
ID  OSTLU_9237
XX
DE  OSTLU_9237
P0       A     C     G     T
1    21.6684 32.3255 26.2026 19.8035
2    29.7134 47.0682 11.377 11.8414
3    5.36499 0.00965669 94.6225     0
4    5.76362 83.2265 4.76628 6.24365
5    12.7082 78.4331 3.26169 5.59708
6    20.593 9.25303 61.8648 8.28918
7    24.1989 34.685 13.2807 27.8354
8    12.8129 68.0641 6.6889 12.4342
9    30.722 31.9757 14.0831 23.2192
XX
CC  program: cis-bp
CC  matrix.nb: 1
CC  accession: M00720_2.00.txt_1
CC  AC: M00720_2.00.txt_1
CC  id: M00720_2.00.txt_1
CC  name: M00720_2.00.txt_1
CC  version: 
CC  matrix.nb: 1
CC  consensus.strict: ccGCCgccc
CC  consensus.strict.rc: GGGCGGCGG
CC  consensus.IUPAC: smGCCgycm
CC  consensus.IUPAC.rc: KGRCGGCKS
CC  consensus.regexp: [cg][ac]GCCg[ct]c[ac]
CC  consensus.regexp.rc: [GT]G[AG]CGGC[GT][CG]
XX
//
AC  M00721_2.00
XX
ID  OSTLU_23938,OSTLU_9237
XX
DE  OSTLU_23938,OSTLU_9237
P0       A     C     G     T
1    27.3481 27.3481 20.0584 25.2455
2    23.065 27.339 26.531 23.065
3    27.8187 36.8077 18.8348 16.5388
4    14.4544 5.81826 74.5151 5.2122
5    11.5569 61.392 17.5891 9.46197
6    18.5945 66.8777 7.19126 7.33653
7    21.3466 11.9519 58.6093 8.09214
8    19.72 35.2207 20.7311 24.3282
9    16.6531 60.4972 10.5128 12.3369
10   32.0417 29.2839 17.4099 21.2645
XX
CC  program: cis-bp
CC  matrix.nb: 1
CC  accession: M00721_2.00.txt_1
CC  AC: M00721_2.00.txt_1
CC  id: M00721_2.00.txt_1
CC  name: M00721_2.00.txt_1
CC  version: 
CC  matrix.nb: 1
CC  consensus.strict: accGccgcca
CC  consensus.strict.rc: TGGCGGCGGT
CC  consensus.IUPAC: hsmGccgccm
CC  consensus.IUPAC.rc: KGGCGGCKSD
CC  consensus.regexp: [act][cg][ac]Gccgcc[ac]
CC  consensus.regexp.rc: [GT]GGCGGC[GT][CG][AGT]
XX
//
AC  M00731_2.00
XX
ID  OSTLU_26580
XX
DE  OSTLU_26580
P0       A     C     G     T
1    33.2551 18.9956 21.8502 25.8991
2    39.1822 9.00899 43.7382 8.07056
3    1.20118 0.714124 93.0653 5.01936
4    1.56727 0.000902209 0.00276514 98.4291
5    4.58723 93.0629 1.42372 0.926145
6    88.2532 6.2352 1.87801 3.63355
7    84.9114 1.65137 10.7146 2.72266
8    21.9251 57.8372 5.97528 14.2625
9    16.0546 18.6528 45.8785 19.414
10   22.8047 28.4164 27.3022 21.4767
XX
CC  program: cis-bp
CC  matrix.nb: 1
CC  accession: M00731_2.00.txt_1
CC  AC: M00731_2.00.txt_1
CC  id: M00731_2.00.txt_1
CC  name: M00731_2.00.txt_1
CC  version: 
CC  matrix.nb: 1
CC  consensus.strict: agGTCAAcgc
CC  consensus.strict.rc: GCGTTGACCT
CC  consensus.IUPAC: wrGTCAAcgs
CC  consensus.IUPAC.rc: SCGTTGACYW
CC  consensus.regexp: [at][ag]GTCAAcg[cg]
CC  consensus.regexp.rc: [CG]CGTTGAC[CT][AT]
XX
//
AC  M00847_2.00
XX
ID  OSTLU_23938,OSTLU_9237
XX
DE  OSTLU_23938,OSTLU_9237
P0       A     C     G     T
1    17.4441 36.7639 28.348 17.4441
2    29.5643 50.5907 9.92249 9.92249
3    0.00839207 0.00839207 99.9748     0
4    0.00839207 99.9748 0.00839207     0
5    0.00839207 99.9748 0.00839207     0
6    0.00839207 0.00839207 99.9748     0
7    0.00839207 99.9748 0.00839207     0
8    0.00839207 99.9748 0.00839207     0
9    57.6147 7.56434 17.7184 17.1026
10   24.9406 25.24 24.6694 25.15
XX
CC  program: cis-bp
CC  matrix.nb: 1
CC  accession: M00847_2.00.txt_1
CC  AC: M00847_2.00.txt_1
CC  id: M00847_2.00.txt_1
CC  name: M00847_2.00.txt_1
CC  version: 
CC  matrix.nb: 1
CC  consensus.strict: ccGCCGCCac
CC  consensus.strict.rc: GTGGCGGCGG
CC  consensus.IUPAC: smGCCGCCay
CC  consensus.IUPAC.rc: RTGGCGGCKS
CC  consensus.regexp: [cg][ac]GCCGCCa[ct]
CC  consensus.regexp.rc: [AG]TGGCGGC[GT][CG]
XX
//
AC  M00848_2.00
XX
ID  OSTLU_9237
XX
DE  OSTLU_9237
P0       A     C     G     T
1    25.9028 22.7451 29.4988 21.8533
2    23.205 19.3825 33.2605 24.152
3    24.9102 24.417 29.2324 21.4404
4    16.6982 41.9006 12.747 28.6542
5    22.1416 1.64454 68.5428 7.67109
6    15.6124 28.7336 33.7192 21.9347
7    17.3198 46.1479 16.8079 19.7243
XX
CC  program: cis-bp
CC  matrix.nb: 1
CC  accession: M00848_2.00.txt_1
CC  AC: M00848_2.00.txt_1
CC  id: M00848_2.00.txt_1
CC  name: M00848_2.00.txt_1
CC  version: 
CC  matrix.nb: 1
CC  consensus.strict: gggcGgc
CC  consensus.strict.rc: GCCGCCC
CC  consensus.IUPAC: rggyGsc
CC  consensus.IUPAC.rc: GSCRCCY
CC  consensus.regexp: [ag]gg[ct]G[cg]c
CC  consensus.regexp.rc: G[CG]C[AG]CC[CT]
XX
//
AC  M00862_2.00
XX
ID  OSTLU_24922,OSTLU_9704
XX
DE  OSTLU_24922,OSTLU_9704
P0       A     C     G     T
1    23.2051 27.5051 24.1521 25.1378
2    24.2842 26.5711 23.0998 26.045
3    27.5202 26.178 24.6536 21.6482
4    5.55865 75.5924 5.84365 13.0053
5    0.39751 6.2181 38.3772 55.0072
6    0.524844 10.7547 0.0128469 88.7076
7    0.00912095 0.217147 0.00858979 99.7651
8    27.8897 24.2461 20.2521 27.6122
XX
CC  program: cis-bp
CC  matrix.nb: 1
CC  accession: M00862_2.00.txt_1
CC  AC: M00862_2.00.txt_1
CC  id: M00862_2.00.txt_1
CC  name: M00862_2.00.txt_1
CC  version: 
CC  matrix.nb: 1
CC  consensus.strict: ccaCtTTa
CC  consensus.strict.rc: TAAAGTGG
CC  consensus.IUPAC: yymCkTTw
CC  consensus.IUPAC.rc: WAAMGKRR
CC  consensus.regexp: [ct][ct][ac]C[gt]TT[at]
CC  consensus.regexp.rc: [AT]AA[AC]G[GT][AG][AG]
XX
//
AC  M00869_2.00
XX
ID  OSTLU_8561
XX
DE  OSTLU_8561
P0       A     C     G     T
1    21.9602 20.4755 39.2217 18.3427
2    38.0662 19.0931 21.5274 21.3132
3    40.2559 17.0348 20.3943 22.315
4    21.3067 25.5088 29.637 23.5476
5    18.3535 37.706 26.3066 17.6338
6    12.0837 3.04001 10.2971 74.5792
7    3.58674 0.0594418 0.0755653 96.2783
8    0.0181892 99.7905 0.0117145 0.179617
9    4.33843 36.144 28.7176 30.7999
XX
CC  program: cis-bp
CC  matrix.nb: 1
CC  accession: M00869_2.00.txt_1
CC  AC: M00869_2.00.txt_1
CC  id: M00869_2.00.txt_1
CC  name: M00869_2.00.txt_1
CC  version: 
CC  matrix.nb: 1
CC  consensus.strict: gaagcTTCc
CC  consensus.strict.rc: GGAAGCTTC
CC  consensus.IUPAC: gaassTTCb
CC  consensus.IUPAC.rc: VGAASSTTC
CC  consensus.regexp: gaa[cg][cg]TTC[cgt]
CC  consensus.regexp.rc: [ACG]GAA[CG][CG]TTC
XX
//
AC  M00873_2.00
XX
ID  OSTLU_26838,OSTLU_5500
XX
DE  OSTLU_26838,OSTLU_5500
P0       A     C     G     T
1    22.642 22.642 32.0739 22.642
2    52.8872 12.5806 12.5806 21.9517
3    99.9768 0.00773666 0.00773666     0
4    0.00773666 0.00773666 99.9768     0
5    99.9768 0.00773666 0.00773666     0
6    0.00773666 0.00773666 0.00773666 99.9768
7    40.2884 20.1777 0.00773666 39.5261
8    0.00773666 79.8068 0.00773666 20.1777
9    2.3657 2.3657 72.4305 22.8381
10   12.4272 33.0831 42.0625 12.4272
XX
CC  program: cis-bp
CC  matrix.nb: 1
CC  accession: M00873_2.00.txt_1
CC  AC: M00873_2.00.txt_1
CC  id: M00873_2.00.txt_1
CC  name: M00873_2.00.txt_1
CC  version: 
CC  matrix.nb: 1
CC  consensus.strict: gaAGATaCGg
CC  consensus.strict.rc: CCGTATCTTC
CC  consensus.IUPAC: gaAGATwCGs
CC  consensus.IUPAC.rc: SCGWATCTTC
CC  consensus.regexp: gaAGAT[at]CG[cg]
CC  consensus.regexp.rc: [CG]CG[AT]ATCTTC
XX
//
AC  M00875_2.00
XX
ID  OSTLU_6612
XX
DE  OSTLU_6612
P0       A     C     G     T
1    31.3607 21.233 23.4661 23.9401
2    48.0259 12.4503 16.1471 23.3767
3    58.9939 14.403 12.9027 13.7005
4    57.8989 12.1666 18.7033 11.2312
5    20.0785 4.30444 10.2743 65.3428
6    88.2598 2.80187 2.31703 6.62126
7    13.2783 6.5938 2.17305 77.9549
8    8.41345 80.6268 5.75363 5.2061
9    19.675 24.5166 15.7896 40.0188
XX
CC  program: cis-bp
CC  matrix.nb: 1
CC  accession: M00875_2.00.txt_1
CC  AC: M00875_2.00.txt_1
CC  id: M00875_2.00.txt_1
CC  name: M00875_2.00.txt_1
CC  version: 
CC  matrix.nb: 1
CC  consensus.strict: aaaatATCt
CC  consensus.strict.rc: AGATATTTT
CC  consensus.IUPAC: aaaatATCt
CC  consensus.IUPAC.rc: AGATATTTT
CC  consensus.regexp: aaaatATCt
CC  consensus.regexp.rc: AGATATTTT
XX
//
AC  M00879_2.00
XX
ID  OSTLU_5960,OSTLU_6612,OSTLU_9264
XX
DE  OSTLU_5960,OSTLU_6612,OSTLU_9264
P0       A     C     G     T
1    69.6699 3.04361 10.6148 16.6717
2    77.8725 5.27146 8.42803 8.42803
3    90.2424 0.893489 5.3167 3.54742
4    11.9703 0.00854409 5.135 82.8862
5    99.12 0.862953 0.00854409     0
6    0.00854409 0.00854409 0.00854409 99.9744
7    1.77813 97.3195 0.00884643 0.893489
8    10.595 12.9468 8.24318 68.215
XX
CC  program: cis-bp
CC  matrix.nb: 1
CC  accession: M00879_2.00.txt_1
CC  AC: M00879_2.00.txt_1
CC  id: M00879_2.00.txt_1
CC  name: M00879_2.00.txt_1
CC  version: 
CC  matrix.nb: 1
CC  consensus.strict: AAATATCt
CC  consensus.strict.rc: AGATATTT
CC  consensus.IUPAC: AAATATCt
CC  consensus.IUPAC.rc: AGATATTT
CC  consensus.regexp: AAATATCt
CC  consensus.regexp.rc: AGATATTT
XX
//
AC  M00899_2.00
XX
ID  OSTLU_26580
XX
DE  OSTLU_26580
P0       A     C     G     T
1    31.7379 22.754 22.754 22.754
2    34.7266 35.3164 14.9785 14.9785
3    54.1055 4.64643 36.6016 4.64643
4    0.0131065 0.0131065 99.9607 0.0131065
5    0.0131065 0.0131065 8.75228 91.2215
6    0.0131065 91.2215 8.75228 0.0131065
7    91.2215 0.0131065 8.75228 0.0131065
8    91.2215 0.0131065 8.75228 0.0131065
9    20.5601 66.1825 10.9983 2.25908
10   10.0346 10.0346 69.8963 10.0346
11   20.3667 29.2376 20.3667 30.0291
XX
CC  program: cis-bp
CC  matrix.nb: 1
CC  accession: M00899_2.00.txt_1
CC  AC: M00899_2.00.txt_1
CC  id: M00899_2.00.txt_1
CC  name: M00899_2.00.txt_1
CC  version: 
CC  matrix.nb: 1
CC  consensus.strict: acaGTCAAcGt
CC  consensus.strict.rc: ACGTTGACTGT
CC  consensus.IUPAC: amrGTCAAcGy
CC  consensus.IUPAC.rc: RCGTTGACYKT
CC  consensus.regexp: a[ac][ag]GTCAAcG[ct]
CC  consensus.regexp.rc: [AG]CGTTGAC[CT][GT]T
XX
//
AC  M00982_2.00
XX
ID  OSTLU_26580
XX
DE  OSTLU_26580
P0       A     C     G     T
1       25 26.1358 20.4566 28.4075
2    40.1527 0.795025 58.2572 0.795025
3    0.00613346 0.00613346 99.3683 0.61948
4    0.00613346 0.61948 0.00613346 99.3683
5    0.61948 99.3683 0.00613346     0
6    98.7549 0.00613346 0.00613346 1.23283
7    88.6497 0.00666489 10.004 1.33964
8    28.0691 37.7148 14.9158 19.3002
XX
CC  program: cis-bp
CC  matrix.nb: 1
CC  accession: M00982_2.00.txt_1
CC  AC: M00982_2.00.txt_1
CC  id: M00982_2.00.txt_1
CC  name: M00982_2.00.txt_1
CC  version: 
CC  matrix.nb: 1
CC  consensus.strict: tgGTCAAc
CC  consensus.strict.rc: GTTGACCA
CC  consensus.IUPAC: hrGTCAAm
CC  consensus.IUPAC.rc: KTTGACYD
CC  consensus.regexp: [act][ag]GTCAA[ac]
CC  consensus.regexp.rc: [GT]TTGAC[CT][AGT]
XX
//
AC  M01046_2.00
XX
ID  OSTLU_23938,OSTLU_9237
XX
DE  OSTLU_23938,OSTLU_9237
P0       A     C     G     T
1    30.9434 2.01811 60.4708 6.56768
2    0.706201 66.1645 23.6212 9.5081
3    20.7769 55.9154 10.9555 12.3523
4    1.71704e-06 0.00190189 99.9924     0
5    11.8261 43.8296 27.3936 16.9507
6    22.3297 59.4964 2.9035 15.2704
7    35.3632 15.2667 33.6385 15.7316
8    29.7425 22.7048 19.5422 28.0104
9    31.1727 24.5214 19.2892 25.0167
10   31.2073 22.8889 19.3106 26.5931
XX
CC  program: cis-bp
CC  matrix.nb: 1
CC  accession: M01046_2.00.txt_1
CC  AC: M01046_2.00.txt_1
CC  id: M01046_2.00.txt_1
CC  name: M01046_2.00.txt_1
CC  version: 
CC  matrix.nb: 1
CC  consensus.strict: gccGccaaaa
CC  consensus.strict.rc: TTTTGGCGGC
CC  consensus.IUPAC: rccGscrwww
CC  consensus.IUPAC.rc: WWWYGSCGGY
CC  consensus.regexp: [ag]ccG[cg]c[ag][at][at][at]
CC  consensus.regexp.rc: [AT][AT][AT][CT]G[CG]CGG[CT]
XX
//
AC  M01050_2.00
XX
ID  OSTLU_23938,OSTLU_9237
XX
DE  OSTLU_23938,OSTLU_9237
P0       A     C     G     T
1    8.177 75.469 8.177 8.177
2    1.57714 0.0156152 98.3916 0.0156152
3    0.0156152 89.0225 10.9463 0.0156152
4    0.0156152 96.8301 3.13866 0.0156152
5    0.0156152 1.57714 98.3916 0.0156152
6    6.26171 84.3379 6.26171 3.13866
7    12.5089 80.3176 1.80228 5.37116
8    52.7469 5.57714 30.5494 11.1265
XX
CC  program: cis-bp
CC  matrix.nb: 1
CC  accession: M01050_2.00.txt_1
CC  AC: M01050_2.00.txt_1
CC  id: M01050_2.00.txt_1
CC  name: M01050_2.00.txt_1
CC  version: 
CC  matrix.nb: 1
CC  consensus.strict: CGCCGCCa
CC  consensus.strict.rc: TGGCGGCG
CC  consensus.IUPAC: CGCCGCCr
CC  consensus.IUPAC.rc: YGGCGGCG
CC  consensus.regexp: CGCCGCC[ag]
CC  consensus.regexp.rc: [CT]GGCGGCG
XX
//
AC  M01062_2.00
XX
ID  OSTLU_24922,OSTLU_9704
XX
DE  OSTLU_24922,OSTLU_9704
P0       A     C     G     T
1    18.4639 28.3838 16.7068 36.4455
2    26.5903 31.8344 11.5947 29.9805
3    55.9603 17.1954 19.1948 7.64951
4    0.0383396 99.358 0.00993918 0.593765
5    0.436872 4.67339 1.02213 93.8676
6    0.218655 0.00302677 0.319736 99.4586
7    0.0403779 0.00791122 0.415001 99.5367
8    33.204 4.44896 1.84535 60.5017
9    18.9718 18.9718 11.507 50.5495
XX
CC  program: cis-bp
CC  matrix.nb: 1
CC  accession: M01062_2.00.txt_1
CC  AC: M01062_2.00.txt_1
CC  id: M01062_2.00.txt_1
CC  name: M01062_2.00.txt_1
CC  version: 
CC  matrix.nb: 1
CC  consensus.strict: tcaCTTTtt
CC  consensus.strict.rc: AAAAAGTGA
CC  consensus.IUPAC: yhaCTTTwt
CC  consensus.IUPAC.rc: AWAAAGTDR
CC  consensus.regexp: [ct][act]aCTTT[at]t
CC  consensus.regexp.rc: A[AT]AAAGT[AGT][AG]
XX
//
AC  M01063_2.00
XX
ID  OSTLU_24922,OSTLU_9704
XX
DE  OSTLU_24922,OSTLU_9704
P0       A     C     G     T
1    34.8719 18.7592 24.5738 21.795
2    13.3096 59.0561 4.56532 23.069
3    21.9692 5.10204 54.5786 18.3502
4    16.95 10.4884 16.2854 56.2761
5    17.7221 12.9982 9.25173 60.028
6    29.1999 21.6318 19.3785 29.7898
7    22.4549 24.8165 23.6062 29.1224
8    25.5387 27.6657 21.7626 25.033
9    27.3121 24.9614 23.744 23.9826
XX
CC  program: cis-bp
CC  matrix.nb: 1
CC  accession: M01063_2.00.txt_1
CC  AC: M01063_2.00.txt_1
CC  id: M01063_2.00.txt_1
CC  name: M01063_2.00.txt_1
CC  version: 
CC  matrix.nb: 1
CC  consensus.strict: acgttttca
CC  consensus.strict.rc: TGAAAACGT
CC  consensus.IUPAC: acgttwtha
CC  consensus.IUPAC.rc: TDAWAACGT
CC  consensus.regexp: acgtt[at]t[act]a
CC  consensus.regexp.rc: T[AGT]A[AT]AACGT
XX
//
AC  M01069_2.00
XX
ID  OSTLU_6612
XX
DE  OSTLU_6612
P0       A     C     G     T
1    32.4154 20.0581 21.5125 26.014
2    46.1198 12.3202 17.4833 24.0767
3    60.1582 12.7685 11.7868 15.2866
4    57.6689 11.0753 20.1805 11.0753
5    23.5678 3.42083 12.6782 60.3332
6    96.977 0.0109379 1.35591 1.65611
7    2.478 2.13284 0.997456 94.3917
8    5.48569 82.4459 2.36823 9.70016
9    20.1171 23.1402 15.8247 40.918
10   25.997 23.523 24.483 25.997
XX
CC  program: cis-bp
CC  matrix.nb: 1
CC  accession: M01069_2.00.txt_1
CC  AC: M01069_2.00.txt_1
CC  id: M01069_2.00.txt_1
CC  name: M01069_2.00.txt_1
CC  version: 
CC  matrix.nb: 1
CC  consensus.strict: aaaatATCta
CC  consensus.strict.rc: TAGATATTTT
CC  consensus.IUPAC: waaatATCtw
CC  consensus.IUPAC.rc: WAGATATTTW
CC  consensus.regexp: [at]aaatATCt[at]
CC  consensus.regexp.rc: [AT]AGATATTT[AT]
XX
//
AC  M01070_2.00
XX
ID  OSTLU_27049
XX
DE  OSTLU_27049
P0       A     C     G     T
1    47.8976 10.4288 0.020816 41.6528
2    41.167 1.48442 52.9248 4.42387
3    46.0416 53.9321 0.013151 0.013151
4    0.0129803 99.9611 0.0129803 0.0129803
5    0.0129803 97.365 0.0129803 2.60903
6    2.60903 0.0129803 0.0129803 97.365
7    99.9611 0.0129803 0.0129803 0.0129803
8    40.3728 0.019216 59.5888 0.019216
XX
CC  program: cis-bp
CC  matrix.nb: 1
CC  accession: M01070_2.00.txt_1
CC  AC: M01070_2.00.txt_1
CC  id: M01070_2.00.txt_1
CC  name: M01070_2.00.txt_1
CC  version: 
CC  matrix.nb: 1
CC  consensus.strict: agcCCTAg
CC  consensus.strict.rc: CTAGGGCT
CC  consensus.IUPAC: wrmCCTAr
CC  consensus.IUPAC.rc: YTAGGKYW
CC  consensus.regexp: [at][ag][ac]CCTA[ag]
CC  consensus.regexp.rc: [CT]TAGG[GT][CT][AT]
XX
//
AC  M01074_2.00
XX
ID  OSTLU_6612,OSTLU_9264
XX
DE  OSTLU_6612,OSTLU_9264
P0       A     C     G     T
1    29.9179 21.0828 24.0097 24.9896
2    36.417 18.0841 20.5947 24.9042
3    48.2339 18.8415 16.38 16.5446
4    57.2881 8.31526 22.8304 11.5663
5    29.0816 3.38755 10.6985 56.8323
6    91.6501 2.19895 2.63262 3.5183
7    6.32509 2.16956 2.87061 88.6347
8    1.50587 89.0653 4.94991 4.47887
9    20.2988 21.7707 15.8088 42.1217
10   26.588 21.9872 24.2996 27.1251
XX
CC  program: cis-bp
CC  matrix.nb: 1
CC  accession: M01074_2.00.txt_1
CC  AC: M01074_2.00.txt_1
CC  id: M01074_2.00.txt_1
CC  name: M01074_2.00.txt_1
CC  version: 
CC  matrix.nb: 1
CC  consensus.strict: aaaatATCtt
CC  consensus.strict.rc: AAGATATTTT
CC  consensus.IUPAC: aaaawATCtw
CC  consensus.IUPAC.rc: WAGATWTTTT
CC  consensus.regexp: aaaa[at]ATCt[at]
CC  consensus.regexp.rc: [AT]AGAT[AT]TTTT
XX
//
AC  M01078_2.00
XX
ID  OSTLU_9418
XX
DE  OSTLU_9418
P0       A     C     G     T
1    19.4581 38.794 24.49 17.2578
2    11.6234 22.4888 2.8951 62.9927
3    13.1798 10.2644 9.28765 67.2681
4    96.1631 0.389086 1.44202 2.00581
5    1.79262 3.60989 1.49732 93.1002
6    2.30713 93.3172 1.50081 2.87486
7    4.32075 63.652 6.91318 25.1141
8    41.2024 10.1604 28.1767 20.4605
9    24.525 23.3289 22.1912 29.9549
10   36.8215 16.2173 15.8962 31.065
XX
CC  program: cis-bp
CC  matrix.nb: 1
CC  accession: M01078_2.00.txt_1
CC  AC: M01078_2.00.txt_1
CC  id: M01078_2.00.txt_1
CC  name: M01078_2.00.txt_1
CC  version: 
CC  matrix.nb: 1
CC  consensus.strict: cttATCcata
CC  consensus.strict.rc: TATGGATAAG
CC  consensus.IUPAC: cttATCyrtw
CC  consensus.IUPAC.rc: WAYRGATAAG
CC  consensus.regexp: cttATC[ct][ag]t[at]
CC  consensus.regexp.rc: [AT]A[CT][AG]GATAAG
XX
//
AC  M01079_2.00
XX
ID  OSTLU_6612,OSTLU_9264
XX
DE  OSTLU_6612,OSTLU_9264
P0       A     C     G     T
1    38.5352 14.3188 18.0216 29.1243
2    57.1201 9.34794 10.5398 22.9922
3    67.3942 9.03006 12.4355 11.1402
4    74.8474 7.06711 8.5459 9.5396
5    17.8695 3.68067 6.70661 71.7433
6    86.4813 3.85715 3.49009 6.17142
7    7.42454 6.71801 4.82973 81.0277
8    5.87774 86.589 3.74781 3.78548
9    16.1708 15.0776 11.1697 57.5819
10   32.069 16.9097 21.7125 29.3088
XX
CC  program: cis-bp
CC  matrix.nb: 1
CC  accession: M01079_2.00.txt_1
CC  AC: M01079_2.00.txt_1
CC  id: M01079_2.00.txt_1
CC  name: M01079_2.00.txt_1
CC  version: 
CC  matrix.nb: 1
CC  consensus.strict: aaaATATCta
CC  consensus.strict.rc: TAGATATTTT
CC  consensus.IUPAC: waaATATCtw
CC  consensus.IUPAC.rc: WAGATATTTW
CC  consensus.regexp: [at]aaATATCt[at]
CC  consensus.regexp.rc: [AT]AGATATTT[AT]
XX
//
AC  M01081_2.00
XX
ID  OSTLU_6612,OSTLU_9264
XX
DE  OSTLU_6612,OSTLU_9264
P0       A     C     G     T
1    68.3754 10.5415 15.7992 5.28391
2    96.0227 0.0195925 3.93809 0.0195925
3    3.93809 0.0195925 0.0195925 96.0227
4    99.9412 0.0195925 0.0195925 0.0195925
5    0.0195925 0.0195925 0.0195925 99.9412
6    0.0195925 99.9412 0.0195925 0.0195925
7    4.78116 14.2959 4.78116 76.1418
8    34.6006 11.5591 19.2396 34.6006
XX
CC  program: cis-bp
CC  matrix.nb: 1
CC  accession: M01081_2.00.txt_1
CC  AC: M01081_2.00.txt_1
CC  id: M01081_2.00.txt_1
CC  name: M01081_2.00.txt_1
CC  version: 
CC  matrix.nb: 1
CC  consensus.strict: aATATCTa
CC  consensus.strict.rc: TAGATATT
CC  consensus.IUPAC: aATATCTw
CC  consensus.IUPAC.rc: WAGATATT
CC  consensus.regexp: aATATCT[at]
CC  consensus.regexp.rc: [AT]AGATATT
XX
//
AC  M01083_2.00
XX
ID  OSTLU_27049
XX
DE  OSTLU_27049
P0       A     C     G     T
1    37.731 16.9842 4.72463 40.5602
2    35.3713 0.00680087 59.8545 4.76741
3    34.8938 65.0958 0.00520725     0
4    0.00512715 99.4719 0.517842     0
5    0.00512715 98.4465 0.00512715 1.54327
6    0.00512715 0.00512715 0.00512715 99.9846
7    97.7365 0.00561672 0.567288 1.69063
8    39.8452 9.02736 44.3551 6.7724
XX
CC  program: cis-bp
CC  matrix.nb: 1
CC  accession: M01083_2.00.txt_1
CC  AC: M01083_2.00.txt_1
CC  id: M01083_2.00.txt_1
CC  name: M01083_2.00.txt_1
CC  version: 
CC  matrix.nb: 1
CC  consensus.strict: tgcCCTAg
CC  consensus.strict.rc: CTAGGGCA
CC  consensus.IUPAC: wrmCCTAr
CC  consensus.IUPAC.rc: YTAGGKYW
CC  consensus.regexp: [at][ag][ac]CCTA[ag]
CC  consensus.regexp.rc: [CT]TAGG[GT][CT][AT]
XX
//
AC  M01087_2.00
XX
ID  OSTLU_25091,OSTLU_42308
XX
DE  OSTLU_25091,OSTLU_42308
P0       A     C     G     T
1    36.3763 19.3737 19.3737 24.8763
2    43.5854 14.9502 17.5442 23.9202
3    43.5354 8.03314 18.0578 30.3737
4    10.4843 8.16517 6.1711 75.1794
5    6.06454 5.16786 4.62955 84.1381
6    0.312244 53.3049 7.28654 39.0963
7    75.8381 0.0142443 20.0574 4.09023
8    89.9183 2.31382 3.15473 4.61311
9    83.0968 3.85745 6.35986 6.68593
10   29.3712 25.5341 6.61947 38.4752
XX
CC  program: cis-bp
CC  matrix.nb: 1
CC  accession: M01087_2.00.txt_1
CC  AC: M01087_2.00.txt_1
CC  id: M01087_2.00.txt_1
CC  name: M01087_2.00.txt_1
CC  version: 
CC  matrix.nb: 1
CC  consensus.strict: aaaTTcAAAt
CC  consensus.strict.rc: ATTTGAATTT
CC  consensus.IUPAC: aawTTyAAAh
CC  consensus.IUPAC.rc: DTTTRAAWTT
CC  consensus.regexp: aa[at]TT[ct]AAA[act]
CC  consensus.regexp.rc: [AGT]TTT[AG]AA[AT]TT
XX
//
AC  M01089_2.00
XX
ID  OSTLU_26580
XX
DE  OSTLU_26580
P0       A     C     G     T
1    31.1057 20.0044 22.2247 26.6652
2    41.781 2.99821 53.7142 1.50656
3    0.0112309 0.0112309 99.9663 0.0112309
4    0.0112309 0.0112309 0.0112309 99.9663
5    0.0112309 99.9663 0.0112309 0.0112309
6    99.9663 0.0112309 0.0112309 0.0112309
7    99.9663 0.0112309 0.0112309 0.0112309
8    34.9143 53.9499 1.60216 9.53363
XX
CC  program: cis-bp
CC  matrix.nb: 1
CC  accession: M01089_2.00.txt_1
CC  AC: M01089_2.00.txt_1
CC  id: M01089_2.00.txt_1
CC  name: M01089_2.00.txt_1
CC  version: 
CC  matrix.nb: 1
CC  consensus.strict: agGTCAAc
CC  consensus.strict.rc: GTTGACCT
CC  consensus.IUPAC: wrGTCAAm
CC  consensus.IUPAC.rc: KTTGACYW
CC  consensus.regexp: [at][ag]GTCAA[ac]
CC  consensus.regexp.rc: [GT]TTGAC[CT][AT]
XX
//
AC  M01095_2.00
XX
ID  OSTLU_9237
XX
DE  OSTLU_9237
P0       A     C     G     T
1    25.2836 27.9427 19.109 27.6647
2    24.7369 29.6155 24.9855 20.662
3    22.9735 30.0945 26.9597 19.9722
4    13.0951 13.0951 66.8356 6.97432
5    6.33444 67.0877 16.5436 10.0342
6    10.9389 78.4393 2.8358 7.78598
7    15.2323 0.337368 81.7299 2.70045
8    10.8163 56.886 16.7945 15.5033
9    6.74001 81.2932 4.51797 7.44887
10   27.4887 28.3259 28.3259 15.8596
XX
CC  program: cis-bp
CC  matrix.nb: 1
CC  accession: M01095_2.00.txt_1
CC  AC: M01095_2.00.txt_1
CC  id: M01095_2.00.txt_1
CC  name: M01095_2.00.txt_1
CC  version: 
CC  matrix.nb: 1
CC  consensus.strict: cccgcCGcCc
CC  consensus.strict.rc: GGGCGGCGGG
CC  consensus.IUPAC: hcsgcCGcCv
CC  consensus.IUPAC.rc: BGGCGGCSGD
CC  consensus.regexp: [act]c[cg]gcCGcC[acg]
CC  consensus.regexp.rc: [CGT]GGCGGC[CG]G[AGT]
XX
//
AC  M01100_2.00
XX
ID  OSTLU_23938,OSTLU_9237
XX
DE  OSTLU_23938,OSTLU_9237
P0       A     C     G     T
1    16.8379 36.0042 31.3005 15.8574
2    20.8224 60.7051 8.63676 9.83579
3    2.65955 0.00115709 97.3348     0
4    1.58462 93.723 2.18222 2.51015
5    10.4784 86.4284 1.0195 2.07366
6    4.52477 2.43407 90.8823 2.15883
7    13.5226 45.3478 10.4266 30.703
8    21.7682 60.3673 4.52876 13.3357
9    48.5314 14.0442 15.8348 21.5896
10   27.1832 19.1557 17.3328 36.3284
XX
CC  program: cis-bp
CC  matrix.nb: 1
CC  accession: M01100_2.00.txt_1
CC  AC: M01100_2.00.txt_1
CC  id: M01100_2.00.txt_1
CC  name: M01100_2.00.txt_1
CC  version: 
CC  matrix.nb: 1
CC  consensus.strict: ccGCCGccat
CC  consensus.strict.rc: ATGGCGGCGG
CC  consensus.IUPAC: scGCCGycaw
CC  consensus.IUPAC.rc: WTGRCGGCGS
CC  consensus.regexp: [cg]cGCCG[ct]ca[at]
CC  consensus.regexp.rc: [AT]TG[AG]CGGCG[CG]
XX
//
AC  M01212_2.00
XX
ID  OSTLU_24922,OSTLU_9704
XX
DE  OSTLU_24922,OSTLU_9704
P0       A     C     G     T
1    23.5087 26.7724 19.8335 29.8854
2    26.9488 25.6345 18.8015 28.6152
3    37.5821 21.2536 26.4837 14.6806
4    5.54802 87.6578 0.0178356 6.77636
5    3.78056 6.82009 30.2614 59.1379
6    6.47314 0.303511 5.19482 88.0285
7    5.27542 1.20088 2.32346 91.2002
8    36.3036 13.4896 8.86328 41.3436
9    20.8542 23.7494 19.2509 36.1456
10   24.2185 27.5807 23.7389 24.4619
XX
CC  program: cis-bp
CC  matrix.nb: 1
CC  accession: M01212_2.00.txt_1
CC  AC: M01212_2.00.txt_1
CC  id: M01212_2.00.txt_1
CC  name: M01212_2.00.txt_1
CC  version: 
CC  matrix.nb: 1
CC  consensus.strict: ttaCtTTttc
CC  consensus.strict.rc: GAAAAAGTAA
CC  consensus.IUPAC: yhrCkTTwtc
CC  consensus.IUPAC.rc: GAWAAMGYDR
CC  consensus.regexp: [ct][act][ag]C[gt]TT[at]tc
CC  consensus.regexp.rc: GA[AT]AA[AC]G[CT][AGT][AG]
XX
//
AC  M01213_2.00
XX
ID  OSTLU_9704
XX
DE  OSTLU_9704
P0       A     C     G     T
1    34.9027 22.9327 25.3446 16.8199
2    2.3128 87.2223 0.405944 10.0589
3    3.14078 0.02637 8.20277 88.6301
4    4.35676 0.2105 2.51363 92.9191
5    4.30648 2.53482 2.22581 90.9329
6    33.1501 13.3437 7.85419 45.652
7    22.2047 21.9838 21.3341 34.4774
XX
CC  program: cis-bp
CC  matrix.nb: 1
CC  accession: M01213_2.00.txt_1
CC  AC: M01213_2.00.txt_1
CC  id: M01213_2.00.txt_1
CC  name: M01213_2.00.txt_1
CC  version: 
CC  matrix.nb: 1
CC  consensus.strict: aCTTTtt
CC  consensus.strict.rc: AAAAAGT
CC  consensus.IUPAC: rCTTTwt
CC  consensus.IUPAC.rc: AWAAAGY
CC  consensus.regexp: [ag]CTTT[at]t
CC  consensus.regexp.rc: A[AT]AAAG[CT]
XX
//
AC  M01214_2.00
XX
ID  OSTLU_24922,OSTLU_9704
XX
DE  OSTLU_24922,OSTLU_9704
P0       A     C     G     T
1    22.31 27.5234 18.8222 31.3444
2    27.9318 24.7733 16.1152 31.1797
3    43.0777 18.9728 23.1734 14.776
4    3.93207 90.8461 1.6639 3.55789
5    3.42049 4.66358 8.00273 83.9132
6    3.11085 0.479456 2.25894 94.1507
7    2.49256 1.0134 2.49256 94.0015
8    34.9688 11.8752 7.3482 45.8078
9    20.7727 25.1193 17.0072 37.1008
10   24.5563 24.07 25.5584 25.8153
XX
CC  program: cis-bp
CC  matrix.nb: 1
CC  accession: M01214_2.00.txt_1
CC  AC: M01214_2.00.txt_1
CC  id: M01214_2.00.txt_1
CC  name: M01214_2.00.txt_1
CC  version: 
CC  matrix.nb: 1
CC  consensus.strict: ttaCTTTttt
CC  consensus.strict.rc: AAAAAAGTAA
CC  consensus.IUPAC: ywaCTTTwyk
CC  consensus.IUPAC.rc: MRWAAAGTWR
CC  consensus.regexp: [ct][at]aCTTT[at][ct][gt]
CC  consensus.regexp.rc: [AC][AG][AT]AAAGT[AT][AG]
XX
//
AC  M01215_2.00
XX
ID  OSTLU_24922,OSTLU_9704
XX
DE  OSTLU_24922,OSTLU_9704
P0       A     C     G     T
1    35.5962 19.9303 24.3429 20.1306
2    8.25961 70.202 4.399 17.1394
3    17.3994 4.74189 39.9024 37.9563
4    18.2524 6.91917 11.7552 63.0732
5    15.7454 7.51237 12.8913 63.8509
6    32.7133 19.2552 18.1339 29.8977
7    22.0003 27.6895 19.7086 30.6017
8    22.0064 30.3056 23.3672 24.3208
XX
CC  program: cis-bp
CC  matrix.nb: 1
CC  accession: M01215_2.00.txt_1
CC  AC: M01215_2.00.txt_1
CC  id: M01215_2.00.txt_1
CC  name: M01215_2.00.txt_1
CC  version: 
CC  matrix.nb: 1
CC  consensus.strict: aCgttatc
CC  consensus.strict.rc: GATAACGT
CC  consensus.IUPAC: aCkttwyc
CC  consensus.IUPAC.rc: GRWAAMGT
CC  consensus.regexp: aC[gt]tt[at][ct]c
CC  consensus.regexp.rc: G[AG][AT]AA[AC]GT
XX
//
AC  M01216_2.00
XX
ID  OSTLU_24922,OSTLU_9704
XX
DE  OSTLU_24922,OSTLU_9704
P0       A     C     G     T
1    35.538 22.2114 25.2949 16.9557
2    5.82926 81.6866 1.75574 10.7284
3    5.01311 1.78972 24.3384 68.8587
4    7.49148 0.0456737 6.51278 85.9501
5    7.35105 2.19206 4.41427 86.0426
6    31.4662 15.4702 11.0112 42.0523
7    21.3082 24.5103 21.0962 33.0854
XX
CC  program: cis-bp
CC  matrix.nb: 1
CC  accession: M01216_2.00.txt_1
CC  AC: M01216_2.00.txt_1
CC  id: M01216_2.00.txt_1
CC  name: M01216_2.00.txt_1
CC  version: 
CC  matrix.nb: 1
CC  consensus.strict: aCTTTtt
CC  consensus.strict.rc: AAAAAGT
CC  consensus.IUPAC: rCTTTwt
CC  consensus.IUPAC.rc: AWAAAGY
CC  consensus.regexp: [ag]CTTT[at]t
CC  consensus.regexp.rc: A[AT]AAAG[CT]
XX
//
AC  M01217_2.00
XX
ID  OSTLU_24922,OSTLU_9704
XX
DE  OSTLU_24922,OSTLU_9704
P0       A     C     G     T
1    50.0535 13.6412 25.358 10.9473
2    0.900724 97.0711 0.302838 1.72537
3    0.888324 8.94935 4.3999 85.7624
4    0.766297 0.0253194 0.337502 98.8709
5    0.707506 0.488699 0.899417 97.9044
6    30.8722 5.929 1.64848 61.5503
7    18.1774 18.731 12.682 50.4096
8    21.8483 22.5137 24.6339 31.0042
XX
CC  program: cis-bp
CC  matrix.nb: 1
CC  accession: M01217_2.00.txt_1
CC  AC: M01217_2.00.txt_1
CC  id: M01217_2.00.txt_1
CC  name: M01217_2.00.txt_1
CC  version: 
CC  matrix.nb: 1
CC  consensus.strict: aCTTTttt
CC  consensus.strict.rc: AAAAAAGT
CC  consensus.IUPAC: rCTTTwtt
CC  consensus.IUPAC.rc: AAWAAAGY
CC  consensus.regexp: [ag]CTTT[at]tt
CC  consensus.regexp.rc: AA[AT]AAAG[CT]
XX
//
AC  M01218_2.00
XX
ID  OSTLU_24922,OSTLU_9704
XX
DE  OSTLU_24922,OSTLU_9704
P0       A     C     G     T
1    39.6344 18.1686 23.0969 19.1002
2    10.2399 74.9103 8.63904 6.21081
3    14.6361 6.44621 20.1558 58.7618
4    15.9181 3.9648 10.8857 69.2314
5    13.3252 8.49651 12.1783    66
6    32.8448 13.4879 11.4936 42.1736
7    22.4653 24.0943 17.496 35.9444
8    22.5664 25.6993 24.4459 27.2884
XX
CC  program: cis-bp
CC  matrix.nb: 1
CC  accession: M01218_2.00.txt_1
CC  AC: M01218_2.00.txt_1
CC  id: M01218_2.00.txt_1
CC  name: M01218_2.00.txt_1
CC  version: 
CC  matrix.nb: 1
CC  consensus.strict: aCtTtttt
CC  consensus.strict.rc: AAAAAAGT
CC  consensus.IUPAC: aCtTtwty
CC  consensus.IUPAC.rc: RAWAAAGT
CC  consensus.regexp: aCtTt[at]t[ct]
CC  consensus.regexp.rc: [AG]A[AT]AAAGT
XX
//
AC  M01219_2.00
XX
ID  OSTLU_24922,OSTLU_9704
XX
DE  OSTLU_24922,OSTLU_9704
P0       A     C     G     T
1    35.4159 24.4629 22.3575 17.7637
2    6.97973 76.9388 3.36359 12.7179
3    5.14103 0.117332 15.9149 78.8268
4    6.71727 0.680234 3.95382 88.6487
5    7.34705 3.99202 4.36797 84.293
6    32.5655 15.5375 9.23734 42.6597
7    21.2443 24.1936 21.2443 33.3177
XX
CC  program: cis-bp
CC  matrix.nb: 1
CC  accession: M01219_2.00.txt_1
CC  AC: M01219_2.00.txt_1
CC  id: M01219_2.00.txt_1
CC  name: M01219_2.00.txt_1
CC  version: 
CC  matrix.nb: 1
CC  consensus.strict: aCTTTtt
CC  consensus.strict.rc: AAAAAGT
CC  consensus.IUPAC: aCTTTwt
CC  consensus.IUPAC.rc: AWAAAGT
CC  consensus.regexp: aCTTT[at]t
CC  consensus.regexp.rc: A[AT]AAAGT
XX
//
AC  M01220_2.00
XX
ID  OSTLU_24922,OSTLU_9704
XX
DE  OSTLU_24922,OSTLU_9704
P0       A     C     G     T
1    6.73886 81.2792 7.37348 4.60844
2    5.03443 0.0241445 32.9931 61.9483
3    6.81751 0.0122711 4.09388 89.0763
4    7.74705 1.05899 5.79684 85.3971
5    32.7466 13.5827 8.57454 45.0962
6    23.7023 24.4241 17.5591 34.3146
7    23.0791 24.5062 24.5062 27.9084
XX
CC  program: cis-bp
CC  matrix.nb: 1
CC  accession: M01220_2.00.txt_1
CC  AC: M01220_2.00.txt_1
CC  id: M01220_2.00.txt_1
CC  name: M01220_2.00.txt_1
CC  version: 
CC  matrix.nb: 1
CC  consensus.strict: CtTTttt
CC  consensus.strict.rc: AAAAAAG
CC  consensus.IUPAC: CkTTwtt
CC  consensus.IUPAC.rc: AAWAAMG
CC  consensus.regexp: C[gt]TT[at]tt
CC  consensus.regexp.rc: AA[AT]AA[AC]G
XX
//
AC  M01221_2.00
XX
ID  OSTLU_9704
XX
DE  OSTLU_9704
P0       A     C     G     T
1    6.25945 86.8422 3.75877 3.13959
2    2.26739 0.0357441 33.0701 64.6268
3    4.5638 0.0107608 5.57423 89.8512
4    5.38119 0.0597796 6.06727 88.4918
5    34.0195 10.0436 8.14118 47.7957
6    24.5961 22.2555 16.8203 36.328
7    21.7149 25.2291 25.9975 27.0585
XX
CC  program: cis-bp
CC  matrix.nb: 1
CC  accession: M01221_2.00.txt_1
CC  AC: M01221_2.00.txt_1
CC  id: M01221_2.00.txt_1
CC  name: M01221_2.00.txt_1
CC  version: 
CC  matrix.nb: 1
CC  consensus.strict: CtTTttt
CC  consensus.strict.rc: AAAAAAG
CC  consensus.IUPAC: CkTTwtb
CC  consensus.IUPAC.rc: VAWAAMG
CC  consensus.regexp: C[gt]TT[at]t[cgt]
CC  consensus.regexp.rc: [ACG]A[AT]AA[AC]G
XX
//
AC  M01222_2.00
XX
ID  OSTLU_24922,OSTLU_9704
XX
DE  OSTLU_24922,OSTLU_9704
P0       A     C     G     T
1    22.3428 27.018 18.2927 32.3464
2    28.2481 24.0714 16.4615 31.219
3    39.2654 20.9125 24.7876 15.0345
4    8.2205 81.9928 5.13783 4.6489
5    6.8428 6.77472 14.6318 71.7507
6    10.1621 1.69667 5.98147 82.1598
7    7.50719 3.61778 5.29023 83.5848
8    35.1983 11.3702 7.32285 46.1086
9    21.4877 23.5113 18.4947 36.5062
10   23.7513 24.969 24.2311 27.0486
XX
CC  program: cis-bp
CC  matrix.nb: 1
CC  accession: M01222_2.00.txt_1
CC  AC: M01222_2.00.txt_1
CC  id: M01222_2.00.txt_1
CC  name: M01222_2.00.txt_1
CC  version: 
CC  matrix.nb: 1
CC  consensus.strict: ttaCTTTttt
CC  consensus.strict.rc: AAAAAAGTAA
CC  consensus.IUPAC: ywaCTTTwtt
CC  consensus.IUPAC.rc: AAWAAAGTWR
CC  consensus.regexp: [ct][at]aCTTT[at]tt
CC  consensus.regexp.rc: AA[AT]AAAGT[AT][AG]
XX
//
AC  M01223_2.00
XX
ID  OSTLU_24922,OSTLU_9704
XX
DE  OSTLU_24922,OSTLU_9704
P0       A     C     G     T
1    23.7545 21.7099 21.4939 33.0417
2    23.3515 18.9283 30.5896 27.1306
3    21.2486 40.7026 10.7649 27.2838
4    42.0576 15.7847 31.7864 10.3713
5    2.48151 89.0206 0.582089 7.91585
6    2.99339 10.4479 5.40004 81.1586
7    5.20892 0.0232924 1.97461 92.7932
8    3.90964 1.20135 1.81022 93.0788
9    33.8283 7.32504 2.51255 56.3341
10   17.6468 22.659 16.2901 43.4042
XX
CC  program: cis-bp
CC  matrix.nb: 1
CC  accession: M01223_2.00.txt_1
CC  AC: M01223_2.00.txt_1
CC  id: M01223_2.00.txt_1
CC  name: M01223_2.00.txt_1
CC  version: 
CC  matrix.nb: 1
CC  consensus.strict: tgcaCTTTtt
CC  consensus.strict.rc: AAAAAGTGCA
CC  consensus.IUPAC: tkyrCTTTwt
CC  consensus.IUPAC.rc: AWAAAGYRMA
CC  consensus.regexp: t[gt][ct][ag]CTTT[at]t
CC  consensus.regexp.rc: A[AT]AAAG[CT][AG][AC]A
XX
//
AC  M01224_2.00
XX
ID  OSTLU_24922,OSTLU_9704
XX
DE  OSTLU_24922,OSTLU_9704
P0       A     C     G     T
1    21.0738 27.6059 17.6023 33.718
2    28.7014 27.03 14.3959 29.8727
3    46.1375 17.3159 23.8462 12.7003
4    2.65358 93.3083 1.35786 2.68025
5    3.59815 5.26152 7.17369 83.9666
6    3.0193 0.647281 2.17065 94.1628
7    2.26731 0.801392 2.43171 94.4996
8    36.6213 9.12146 5.31552 48.9417
9    19.9854 24.4102 14.9543 40.6501
XX
CC  program: cis-bp
CC  matrix.nb: 1
CC  accession: M01224_2.00.txt_1
CC  AC: M01224_2.00.txt_1
CC  id: M01224_2.00.txt_1
CC  name: M01224_2.00.txt_1
CC  version: 
CC  matrix.nb: 1
CC  consensus.strict: ttaCTTTtt
CC  consensus.strict.rc: AAAAAGTAA
CC  consensus.IUPAC: yhaCTTTwt
CC  consensus.IUPAC.rc: AWAAAGTDR
CC  consensus.regexp: [ct][act]aCTTT[at]t
CC  consensus.regexp.rc: A[AT]AAAGT[AGT][AG]
XX
//
AC  M01225_2.00
XX
ID  OSTLU_119601
XX
DE  OSTLU_119601
P0       A     C     G     T
1    19.0589 34.7275 40.7531 5.46046
2    5.31313 12.5558 75.9581 6.17298
3    0.638908 94.8224 0.00285697 4.53582
4    4.55813 0.00415648 92.4726 2.96511
5    1.66506 81.4394 9.20603 7.68952
6    11.8839 49.6592 22.0913 16.3656
7    40.7444 25.9798 7.29595 25.9798
8    44.0817 14.0982 10.4442 31.376
9    39.5676 12.9101 15.7685 31.7538
10   31.5183 17.647 15.6515 35.1832
XX
CC  program: cis-bp
CC  matrix.nb: 1
CC  accession: M01225_2.00.txt_1
CC  AC: M01225_2.00.txt_1
CC  id: M01225_2.00.txt_1
CC  name: M01225_2.00.txt_1
CC  version: 
CC  matrix.nb: 1
CC  consensus.strict: gGCGCcaaat
CC  consensus.strict.rc: ATTTGGCGCC
CC  consensus.IUPAC: sGCGCchwww
CC  consensus.IUPAC.rc: WWWDGGCGCS
CC  consensus.regexp: [cg]GCGCc[act][at][at][at]
CC  consensus.regexp.rc: [AT][AT][AT][AGT]GGCGC[CG]
XX
//
AC  M01288_2.00
XX
ID  OSTLU_34891
XX
DE  OSTLU_34891
P0       A     C     G     T
1    93.8238 0.44549 0.138265 5.59246
2    89.6547 3.61816 0.00127599 6.7259
3    3.21118 91.5275 0.0718366 5.18951
4    8.14281 5.68105 78.0333 8.14281
5    12.0891 5.11563 69.5678 13.2275
6    28.7112 19.6345 8.82233 42.832
7    33.9455 27.7922 8.45498 29.8074
8    45.8872 18.4707 11.203 24.4391
9    23.9744 29.874 14.1115 32.0401
10   22.5854 11.7906 22.3607 43.2633
XX
CC  program: cis-bp
CC  matrix.nb: 1
CC  accession: M01288_2.00.txt_1
CC  AC: M01288_2.00.txt_1
CC  id: M01288_2.00.txt_1
CC  name: M01288_2.00.txt_1
CC  version: 
CC  matrix.nb: 1
CC  consensus.strict: AACGGtaatt
