AC  M00001_2.00
XX
ID  ABF1
XX
DE  ABF1
P0       A     C     G     T
1    0.961538 0.961538 0.961538 97.1154
2    0.961538 0.961538 0.961538 97.1154
3    97.1154 0.961538 0.961538 0.961538
4    0.961538 0.961538 0.961538 97.1154
5    0.961538 97.1154 0.961538 0.961538
6    97.1154 0.961538 0.961538 0.961538
7    0.961538 97.1154 0.961538 0.961538
8    0.961538 0.961538 0.961538 97.1154
XX
CC  residue_type: 
CC  program: transfac
CC  matrix.nb: 1
CC  accession: M00001_2.00
CC  AC: M00001_2.00
CC  id: M00001_2.00
CC  name: ABF1
CC  version: 
CC  name: ABF1
CC  description: ABF1
CC  transfac_consensus: 
CC  matrix.nb: 1
XX
//
AC  M00002_2.00
XX
ID  AFT2
XX
DE  AFT2
P0       A     C     G     T
1    25.9794 22.1382 32.0502 19.8322
2    25.3449 0.544753 63.5977 10.5126
3    4.003 1.7455 78.8102 15.4413
4    1.67146 0.046593 94.9827 3.29925
5    1.31292 9.04541 4.67513 84.9665
6    4.05014 2.82568 86.3795 6.74466
7    14.542 31.4073 16.0714 37.9793
8    27.0268 24.2116 28.1298 20.6317
9    28.6005 20.1544 25.3663 25.8788
10   31.2355 19.1357 19.9166 29.7121
XX
CC  residue_type: 
CC  program: transfac
CC  matrix.nb: 2
CC  accession: M00002_2.00
CC  AC: M00002_2.00
CC  id: M00002_2.00
CC  name: AFT2
CC  version: 
CC  name: AFT2
CC  description: AFT2
CC  transfac_consensus: 
CC  matrix.nb: 2
XX
//
AC  M00003_2.00
XX
ID  MBP1
XX
DE  MBP1
P0       A     C     G     T
1    25.3967 16.6693 56.3393 1.59473
2    75.9883 0.00571298 10.8604 13.1456
3    0.00471609 99.5142 0.476325     0
4    8.02207 0.00471609 91.9685     0
5    0.00471609 97.1562 0.00471609 2.83437
6    0.00473844 0.478582 99.5119     0
7    21.4697 15.8213 2.26502 60.444
8    46.709 2.92615 27.0067 23.3581
XX
CC  residue_type: 
CC  program: transfac
CC  matrix.nb: 3
CC  accession: M00003_2.00
CC  AC: M00003_2.00
CC  id: M00003_2.00
CC  name: MBP1
CC  version: 
CC  name: MBP1
CC  description: MBP1
CC  transfac_consensus: 
CC  matrix.nb: 3
XX
//
AC  M00004_2.00
XX
ID  SWI4
XX
DE  SWI4
P0       A     C     G     T
1    34.9967 10.005 44.9933 10.005
2    78.3819 3.70896 5.56036 12.3488
3    0.00523451 99.9843 0.00523451     0
4    5.73318 0.00520725 94.2564     0
5    0.525932 99.4637 0.00520725     0
6    0.525932 2.60883 96.86     0
7    65.1509 12.9063 4.52141 17.4213
8    54.6119 9.24899 11.7692 24.37
XX
CC  residue_type: 
CC  program: transfac
CC  matrix.nb: 4
CC  accession: M00004_2.00
CC  AC: M00004_2.00
CC  id: M00004_2.00
CC  name: SWI4
CC  version: 
CC  name: SWI4
CC  description: SWI4
CC  transfac_consensus: 
CC  matrix.nb: 4
XX
//
AC  M00005_2.00
XX
ID  XBP1
XX
DE  XBP1
P0       A     C     G     T
1    13.9169 13.0476 27.8251 45.2104
2    1.30486 81.8034 2.60322 14.2885
3    0.00497413 0.00497413 0.00497413 99.9851
4    0.00497413 99.9851 0.00497413     0
5    0.00497413 0.00497413 99.9851     0
6    99.9851 0.00497413 0.00497413     0
7    62.6487 5.70109 27.8474 3.80283
8    14.2891 23.0165 47.6119 15.0825
XX
CC  residue_type: 
CC  program: transfac
CC  matrix.nb: 5
CC  accession: M00005_2.00
CC  AC: M00005_2.00
CC  id: M00005_2.00
CC  name: XBP1
CC  version: 
CC  name: XBP1
CC  description: XBP1
CC  transfac_consensus: 
CC  matrix.nb: 5
XX
//
AC  M00006_2.00
XX
ID  PHD1
XX
DE  PHD1
P0       A     C     G     T
1    0.0586854 11.7958 88.0869 0.0586854
2    36.8172 57.8256 5.30462 0.052521
3    0.0475285 0.0475285 0.0475285 99.8574
4    0.0475285 0.0475285 99.8574 0.0475285
5    0.0475285 99.8574 0.0475285 0.0475285
6    99.8574 0.0475285 0.0475285 0.0475285
7    5.30462 5.30462 63.0777 26.313
8    0.0766871 15.4141 84.4325 0.0766871
XX
CC  residue_type: 
CC  program: transfac
CC  matrix.nb: 6
CC  accession: M00006_2.00
CC  AC: M00006_2.00
CC  id: M00006_2.00
CC  name: PHD1
CC  version: 
CC  name: PHD1
CC  description: PHD1
CC  transfac_consensus: 
CC  matrix.nb: 6
XX
//
AC  M00007_2.00
XX
ID  SOK2
XX
DE  SOK2
P0       A     C     G     T
1    47.5477 17.4841 17.4841 17.4841
2    6.92716 70.2024 15.9432 6.92716
3    32.8519 62.1172 2.51544 2.51544
4    0.0181107 0.0181107 0.0181107 99.9457
5    0.0181107 0.0181107 99.9457 0.0181107
6    0.0181107 99.9457 0.0181107 0.0181107
7    99.9457 0.0181107 0.0181107 0.0181107
8    0.0181107 0.0181107 59.2518 40.712
9    16.544 7.53401 68.388 7.53401
10   27.0669 36.7512 18.0909 18.0909
11   32.492 22.5027 22.5027 22.5027
XX
CC  residue_type: 
CC  program: transfac
CC  matrix.nb: 7
CC  accession: M00007_2.00
CC  AC: M00007_2.00
CC  id: M00007_2.00
CC  name: SOK2
CC  version: 
CC  name: SOK2
CC  description: SOK2
CC  transfac_consensus: 
CC  matrix.nb: 7
XX
//
AC  M00008_2.00
XX
ID  ORC2,SUM1
XX
DE  ORC2,SUM1
P0       A     C     G     T
1    28.2959 24.8465 24.5993 22.2583
2    31.6659 18.4532 23.6944 26.1864
3    37.7778 11.2652 20.9413 30.0157
4    61.6393 6.89847 11.1484 20.3138
5    67.5764 4.27703 6.31709 21.8294
6    32.6032 13.3887 8.20227 45.8058
7    32.1153 13.7266 11.2384 42.9198
XX
CC  residue_type: 
CC  program: transfac
CC  matrix.nb: 8
CC  accession: M00008_2.00
CC  AC: M00008_2.00
CC  id: M00008_2.00
CC  name: ORC2,SUM1
CC  version: 
CC  name: ORC2,SUM1
CC  description: ORC2,SUM1
CC  transfac_consensus: 
CC  matrix.nb: 8
XX
//
AC  M00009_2.00
XX
ID  PHO4
XX
DE  PHO4
P0       A     C     G     T
1    27.4529 27.525 27.4073 17.6149
2    7.40008 67.1519 18.0479 7.40008
3    0.000936488 99.9972 0.000936488     0
4    99.9972 0.000936488 0.000936488     0
5    0.000936488 99.9972 0.000936488     0
6    0.000936488 0.000936488 99.9972     0
7    0.000936488 0.000936488 0.000936488 99.9972
8    0.000936488 0.000936488 99.9972     0
9    7.38606 57.7172 17.7537 17.143
10   27.2951 27.3391 17.6009 27.7649
XX
CC  residue_type: 
CC  program: transfac
CC  matrix.nb: 9
CC  accession: M00009_2.00
CC  AC: M00009_2.00
CC  id: M00009_2.00
CC  name: PHO4
CC  version: 
CC  name: PHO4
CC  description: PHO4
CC  transfac_consensus: 
CC  matrix.nb: 9
XX
//
AC  M00010_2.00
XX
ID  CBF1
XX
DE  CBF1
P0       A     C     G     T
1    22.6939 22.6939 22.6939 31.9184
2    28.2796 10.9239 40.0191 20.7773
3    9.77069 78.6541 2.0316 9.54359
4    99.939 0.0203189 0.0203189 0.0203189
5    0.0203189 92.4271 0.0203189 7.53231
6    23.3165 0.0203189 76.6428 0.0203189
7    15.8045 0.0203189 0.0203189 84.1548
8    15.8045 0.0203189 76.6428 7.53231
9    83.4823 11.8648 2.32644 2.32644
10   14.0964 44.8177 14.0964 26.9895
11   22.9887 22.9887 22.9887 31.0339
XX
CC  residue_type: 
CC  program: transfac
CC  matrix.nb: 10
CC  accession: M00010_2.00
CC  AC: M00010_2.00
CC  id: M00010_2.00
CC  name: CBF1
CC  version: 
CC  name: CBF1
CC  description: CBF1
CC  transfac_consensus: 
CC  matrix.nb: 10
XX
//
AC  M00011_2.00
XX
ID  TYE7
XX
DE  TYE7
P0       A     C     G     T
1    49.7525    25    25 0.247525
2    0.142045 14.3466 0.142045 85.3693
3    0.142045 99.5739 0.142045 0.142045
4    99.5739 0.142045 0.142045 0.142045
5    0.142045 99.5739 0.142045 0.142045
6    0.142045 0.142045 99.5739 0.142045
7    0.142045 0.142045 0.142045 99.5739
8    0.142045 0.142045 99.5739 0.142045
XX
CC  residue_type: 
CC  program: transfac
CC  matrix.nb: 11
CC  accession: M00011_2.00
CC  AC: M00011_2.00
CC  id: M00011_2.00
CC  name: TYE7
CC  version: 
CC  name: TYE7
CC  description: TYE7
CC  transfac_consensus: 
CC  matrix.nb: 11
XX
//
AC  M00012_2.00
XX
ID  HAC1
XX
DE  HAC1
P0       A     C     G     T
1    35.3816 15.7398 24.4393 24.4393
2    21.1817 17.3421 37.8314 23.6447
3    28.2621 4.96057 49.9749 16.8024
4    47.1319 43.0753 0.1814 9.6114
5    9.52428 79.3481 1.88484 9.24279
6    92.6944 0.999308 0.725647 5.58066
7    8.07352 86.3657 3.38242 2.1784
8    9.89754 13.7672 69.5667 6.76855
9    10.1851 13.6117 13.3421 62.8611
10   31.865 18.2016 27.7021 22.2314
XX
CC  residue_type: 
CC  program: transfac
CC  matrix.nb: 12
CC  accession: M00012_2.00
CC  AC: M00012_2.00
CC  id: M00012_2.00
CC  name: HAC1
CC  version: 
CC  name: HAC1
CC  description: HAC1
CC  transfac_consensus: 
CC  matrix.nb: 12
XX
//
AC  M00013_2.00
XX
ID  YAP3
XX
DE  YAP3
P0       A     C     G     T
1    28.673 27.6761 21.8254 21.8254
2    46.5755 15.8579 15.8579 21.7086
3    0.00515785 0.00515785 0.00515785 99.9845
4    0.00515785 0.00515785 12.1061 87.8836
5    94.1338 0.00515785 0.00515785 5.85585
6    0.00515785 99.9845 0.00515785     0
7    5.09268 0.00515785 52.5333 42.3689
8    36.5182 0.00515785 0.00515785 63.4715
9    90.4608 3.17972 3.17972 3.17972
10   52.5751 9.14723 21.5662 16.7115
XX
CC  residue_type: 
CC  program: transfac
CC  matrix.nb: 13
CC  accession: M00013_2.00
CC  AC: M00013_2.00
CC  id: M00013_2.00
CC  name: YAP3
CC  version: 
CC  name: YAP3
CC  description: YAP3
CC  transfac_consensus: 
CC  matrix.nb: 13
XX
//
AC  M00014_2.00
XX
ID  CST6
XX
DE  CST6
P0       A     C     G     T
1    71.2963 0.0712251 28.5613 0.0712251
2    0.0475285 0.0475285 0.0475285 99.8574
3    4.80038 0.0475285 80.846 14.3061
4    99.8574 0.0475285 0.0475285 0.0475285
5    0.0475285 95.1046 0.0475285 4.80038
6    9.55323 0.0475285 90.3517 0.0475285
7    0.0475285 0.0475285 0.0475285 99.8574
8    49.9288 28.5613 0.0712251 21.4387
XX
CC  residue_type: 
CC  program: transfac
CC  matrix.nb: 14
CC  accession: M00014_2.00
CC  AC: M00014_2.00
CC  id: M00014_2.00
CC  name: CST6
CC  version: 
CC  name: CST6
CC  description: CST6
CC  transfac_consensus: 
CC  matrix.nb: 14
XX
//
AC  M00015_2.00
XX
ID  CIN5
XX
DE  CIN5
P0       A     C     G     T
1    11.6441 7.65069 66.3402 14.365
2    44.4801 45.3787 8.71497 1.42624
3    0.291938 1.85667 2.38401 95.4674
4    5.05929 1.86121 15.506 77.5735
5    96.5859 2.20435 0.136755 1.07297
6    7.73093 60.0531 13.9465 18.2694
7    34.7681 11.0089 43.3237 10.8993
8    8.96083 5.48964 4.67796 80.8716
9    65.7744 17.2227 10.3422 6.66074
10   76.0955 7.25717 7.78337 8.86392
XX
CC  residue_type: 
CC  program: transfac
CC  matrix.nb: 15
CC  accession: M00015_2.00
CC  AC: M00015_2.00
CC  id: M00015_2.00
CC  name: CIN5
CC  version: 
CC  name: CIN5
CC  description: CIN5
CC  transfac_consensus: 
CC  matrix.nb: 15
XX
//
AC  M00016_2.00
XX
ID  REI1
XX
DE  REI1
P0       A     C     G     T
1       25 20.1942 38.4564 16.3495
2    0.776684 81.5211 3.85266 13.8496
3    7.04731 89.4185 2.11912 1.41509
4    0.00704027 99.9789 0.00704027     0
5    0.00704027 94.3467 0.00704027 5.63926
6    0.00704027 1.41509 1.41509 97.1628
7    2.71073 0.909582 71.1545 25.2251
8    56.3942 5.13839 17.9523 20.5151
XX
CC  residue_type: 
CC  program: transfac
CC  matrix.nb: 16
CC  accession: M00016_2.00
CC  AC: M00016_2.00
CC  id: M00016_2.00
CC  name: REI1
CC  version: 
CC  name: REI1
CC  description: REI1
CC  transfac_consensus: 
CC  matrix.nb: 16
XX
//
AC  M00017_2.00
XX
ID  RPN4
XX
DE  RPN4
P0       A     C     G     T
1    22.5748 22.5748 22.5748 32.2756
2    23.3041 19.4398 19.7949 37.4611
3    0.00345548 79.7239 0.00345548 20.2692
4    0.00345548 0.00345548 99.9896     0
5    0.00345548 99.9896 0.00345548     0
6    0.00345548 99.9896 0.00345548     0
7    99.9896 0.00345548 0.00345548     0
8    0.00345548 99.9896 0.00345548     0
9    2.42867 92.714 2.42867 2.42867
10   23.2055 24.6285 29.502 22.664
XX
CC  residue_type: 
CC  program: transfac
CC  matrix.nb: 17
CC  accession: M00017_2.00
CC  AC: M00017_2.00
CC  id: M00017_2.00
CC  name: RPN4
CC  version: 
CC  name: RPN4
CC  description: RPN4
CC  transfac_consensus: 
CC  matrix.nb: 17
XX
//
AC  M00018_2.00
XX
ID  STP4
XX
DE  STP4
P0       A     C     G     T
1    38.6467 19.0004 23.914 18.4389
2    36.5263 15.1505 32.3959 15.9273
3    23.084 44.2184 16.267 16.4305
4    14.3801 1.29156 25.4279 58.9004
5    3.84387 69.8591 22.5668 3.73027
6    13.1629 2.26461 8.06394 76.5085
7    48.4548 13.4722 29.983 8.09001
8    18.5433 11.9426 50.406 19.1081
9    29.6229 18.3302 25.243 26.8039
XX
CC  residue_type: 
CC  program: transfac
CC  matrix.nb: 18
CC  accession: M00018_2.00
CC  AC: M00018_2.00
CC  id: M00018_2.00
CC  name: STP4
CC  version: 
CC  name: STP4
CC  description: STP4
CC  transfac_consensus: 
CC  matrix.nb: 18
XX
//
AC  M00019_2.00
XX
ID  GIS1
XX
DE  GIS1
P0       A     C     G     T
1    38.9881 23.8851 14.6327 22.4942
2    3.23112 88.4847 0.415958 7.8682
3    0.667858 98.1327 0.461313 0.738098
4    1.04113 98.5249 0.326381 0.107562
5    0.0969649 77.991 0.443345 21.4687
6    2.81398 2.04337 5.61028 89.5324
7    53.6179 4.58084 14.9078 26.8935
8    49.237 11.2082 14.1066 25.4482
9    30.7871 16.5617 17.2376 35.4136
10   29.0046 21.0617 16.9024 33.0313
XX
CC  residue_type: 
CC  program: transfac
CC  matrix.nb: 19
CC  accession: M00019_2.00
CC  AC: M00019_2.00
CC  id: M00019_2.00
CC  name: GIS1
CC  version: 
CC  name: GIS1
CC  description: GIS1
CC  transfac_consensus: 
CC  matrix.nb: 19
XX
//
AC  M00020_2.00
XX
ID  SWI5
XX
DE  SWI5
P0       A     C     G     T
1    31.9888 22.6704 22.6704 22.6704
2    33.3162 19.1218 28.4402 19.1218
3    9.35661 9.35661 18.2389 63.0479
4    0.0184128 0.0184128 99.9448 0.0184128
5    0.0184128 99.9448 0.0184128 0.0184128
6    0.0184128 0.0184128 0.0184128 99.9448
7    0.0184128 0.0184128 99.9448 0.0184128
8    0.0184128 0.0184128 99.9448 0.0184128
9    2.34802 11.1479 12.0419 74.4622
10   26.4277 32.4611 5.89661 35.2146
11   34.7272 33.9492 15.6618 15.6618
XX
CC  residue_type: 
CC  program: transfac
CC  matrix.nb: 20
CC  accession: M00020_2.00
CC  AC: M00020_2.00
CC  id: M00020_2.00
CC  name: SWI5
CC  version: 
CC  name: SWI5
CC  description: SWI5
CC  transfac_consensus: 
CC  matrix.nb: 20
XX
//
AC  M00021_2.00
XX
ID  ADR1
XX
DE  ADR1
P0       A     C     G     T
1    16.9817 16.9817 16.9817 49.055
2    86.0761 4.64131 4.64131 4.64131
3    0.00281864 99.9915 0.00281864     0
4    0.00281864 99.9915 0.00281864     0
5    0.00281864 99.9915 0.00281864     0
6    0.00281864 99.9915 0.00281864     0
7    58.1637 0.00281864 41.8307     0
8    20.0336 79.9607 0.00281864     0
9    47.1273 27.2399 8.02115 17.6117
10   20.3615 30.4059 20.3615 28.8711
XX
CC  residue_type: 
CC  program: transfac
CC  matrix.nb: 21
CC  accession: M00021_2.00
CC  AC: M00021_2.00
CC  id: M00021_2.00
CC  name: ADR1
CC  version: 
CC  name: ADR1
CC  description: ADR1
CC  transfac_consensus: 
CC  matrix.nb: 21
XX
//
AC  M00022_2.00
XX
ID  MET32
XX
DE  MET32
P0       A     C     G     T
1    20.8911 20.2737 42.0696 16.7655
2    33.0823 21.3062 41.223 4.38854
3    26.6733 66.931 0.561953 5.83376
4    3.74573 0.0854877 94.6909 1.47789
5    0.0352225 99.8761 0.052023 0.03666
6    0.0179549 99.4952 3.19963e-05 0.486806
7    94.3601 1.64398 3.92403 0.0718711
8    0.154314 98.6158 0.0311554 1.19869
9    75.5147 7.72396 9.3402 7.4211
10   18.5591 33.8169 35.908 11.7161
XX
CC  residue_type: 
CC  program: transfac
CC  matrix.nb: 22
CC  accession: M00022_2.00
CC  AC: M00022_2.00
CC  id: M00022_2.00
CC  name: MET32
CC  version: 
CC  name: MET32
CC  description: MET32
CC  transfac_consensus: 
CC  matrix.nb: 22
XX
//
AC  M00023_2.00
XX
ID  MIG3
XX
DE  MIG3
P0       A     C     G     T
1    31.8413 22.7196 22.7196 22.7196
2    32.6327 32.5944 12.6318 22.1411
3    0.00578459 99.9826 0.00578459     0
4    0.00578459 99.9826 0.00578459     0
5    0.00578459 99.9826 0.00578459     0
6    0.00578459 99.9826 0.00578459     0
7    9.38244 0.00578459 90.606     0
8    0.00578459 99.9826 0.00578459     0
9    74.3851 2.28622 21.0425 2.28622
10   21.9562 33.2907 12.374 32.379
XX
CC  residue_type: 
CC  program: transfac
CC  matrix.nb: 23
CC  accession: M00023_2.00
CC  AC: M00023_2.00
CC  id: M00023_2.00
CC  name: MIG3
CC  version: 
CC  name: MIG3
CC  description: MIG3
CC  transfac_consensus: 
CC  matrix.nb: 23
XX
//
AC  M00024_2.00
XX
ID  COM2
XX
DE  COM2
P0       A     C     G     T
1    23.6115 43.7448 22.9172 9.72646
2    1.72949 93.0878 0.580326 4.60239
3    0.53712 94.1342 0.53712 4.79153
4    0.00531802 96.2614 0.00531802 3.72793
5    1.06892 83.4982 0.00531802 15.4276
6    3.72793 3.19613 2.66433 90.4116
7    56.8406 2.74582 20.5492 19.8644
8    15.3883 2.89312 8.66013 73.0584
XX
CC  residue_type: 
CC  program: transfac
CC  matrix.nb: 24
CC  accession: M00024_2.00
CC  AC: M00024_2.00
CC  id: M00024_2.00
CC  name: COM2
CC  version: 
CC  name: COM2
CC  description: COM2
CC  transfac_consensus: 
CC  matrix.nb: 24
XX
//
AC  M00025_2.00
XX
ID  RPH1
XX
DE  RPH1
P0       A     C     G     T
1    22.9229 22.9229 31.2312 22.9229
2    18.4275 26.7087 18.4275 36.4364
3    54.5197 24.2404 6.13827 15.1016
4    0.00158941 99.9952 0.00158941     0
5    0.00158941 99.9952 0.00158941     0
6    0.00158941 99.9952 0.00158941     0
7    0.00158941 90.4225 0.00158941 9.57432
8    0.00158941 0.00158941 0.00158941 99.9952
9    84.7826 2.07867 2.07867 11.0601
10   80.2776 6.57412 6.57412 6.57412
11   31.0595 18.8633 18.8633 31.2139
XX
CC  residue_type: 
CC  program: transfac
CC  matrix.nb: 25
CC  accession: M00025_2.00
CC  AC: M00025_2.00
CC  id: M00025_2.00
CC  name: RPH1
CC  version: 
CC  name: RPH1
CC  description: RPH1
CC  transfac_consensus: 
CC  matrix.nb: 25
XX
//
AC  M00026_2.00
XX
ID  MIG1
XX
DE  MIG1
P0       A     C     G     T
1    43.0455 22.2238 9.73071    25
2    0.00952018 97.1154 0.961538 1.91356
3    0.901464 98.1881 0.00892538 0.901464
4    0.00892538 99.9732 0.00892538     0
5    0.901464 99.0807 0.00892538     0
6    33.3303 8.11419 58.5465     0
7    0.989808 89.1905 9.80988     0
8    46.6551 14.6722 22.6679 16.0048
XX
CC  residue_type: 
CC  program: transfac
CC  matrix.nb: 26
CC  accession: M00026_2.00
CC  AC: M00026_2.00
CC  id: M00026_2.00
CC  name: MIG1
CC  version: 
CC  name: MIG1
CC  description: MIG1
CC  transfac_consensus: 
CC  matrix.nb: 26
XX
//
AC  M00027_2.00
XX
ID  MIG2
XX
DE  MIG2
P0       A     C     G     T
1    16.7474 26.0038 21.0783 36.1705
2    34.6146 17.8906 21.8516 25.6431
3    9.16315 77.1067 2.75989 10.9703
4    0.934151 81.6043 1.7894 15.6721
5    3.08808 94.4008 0.833226 1.67791
6    4.75251 85.5134 3.3827 6.35139
7    38.4137 5.74549 50.3206 5.5202
8    12.3967 57.8253 16.0776 13.7004
9    39.134 17.2358 21.0519 22.5783
10   23.2566 32.3493 14.8291 29.565
XX
CC  residue_type: 
CC  program: transfac
CC  matrix.nb: 27
CC  accession: M00027_2.00
CC  AC: M00027_2.00
CC  id: M00027_2.00
CC  name: MIG2
CC  version: 
CC  name: MIG2
CC  description: MIG2
CC  transfac_consensus: 
CC  matrix.nb: 27
XX
//
AC  M00028_2.00
XX
ID  FZF1
XX
DE  FZF1
P0       A     C     G     T
1    29.108 30.5256 20.1832 20.1832
2    23.5307 46.9986 4.75145 24.7192
3    0.0124382 99.9627 0.0124382 0.0124382
4    0.0124382 0.0124382 0.0124382 99.9627
5    99.9627 0.0124382 0.0124382 0.0124382
6    0.0124382 0.0124382 0.0124382 99.9627
7    0.0124382 99.9627 0.0124382 0.0124382
8    99.9627 0.0124382 0.0124382 0.0124382
9    46.9607 14.2673 4.82926 33.9427
10   20.261 29.5093 20.261 29.9687
XX
CC  residue_type: 
CC  program: transfac
CC  matrix.nb: 28
CC  accession: M00028_2.00
CC  AC: M00028_2.00
CC  id: M00028_2.00
CC  name: FZF1
CC  version: 
CC  name: FZF1
CC  description: FZF1
CC  transfac_consensus: 
CC  matrix.nb: 28
XX
//
AC  M00029_2.00
XX
ID  YGR067C
XX
DE  YGR067C
P0       A     C     G     T
1    14.2904 58.2272 10.9952 16.4873
2    14.8794 59.4927 13.227 12.4009
3    0.00768994 99.2079 0.00768994 0.776684
4    4.58639 93.109 0.770757 1.53388
5    4.58639 71.7415 15.2701 8.40201
6    0.770757 93.109 3.06013 3.06013
7    47.3214 14.507 23.6645 14.507
8    3.23283 82.2396 5.6514 8.87617
XX
CC  residue_type: 
CC  program: transfac
CC  matrix.nb: 29
CC  accession: M00029_2.00
CC  AC: M00029_2.00
CC  id: M00029_2.00
CC  name: YGR067C
CC  version: 
CC  name: YGR067C
CC  description: YGR067C
CC  transfac_consensus: 
CC  matrix.nb: 29
XX
//
AC  M00030_2.00
XX
ID  RIM101
XX
DE  RIM101
P0       A     C     G     T
1    9.28567 20.46 31.4523 38.802
2    0.503465 97.8816 0.176181 1.43873
3    2.59899 2.65149 1.51456 93.235
4    0.664546 10.3952 9.78988 79.1503
5    0.443287 0.901642 95.2459 3.40915
6    0.599178 0.356224 96.3323 2.71232
7    0.558662 93.4839 0.0406722 5.91676
8    35.0979 11.5668 42.4421 10.8932
9    32.0352 27.85 10.2455 29.8694
10   18.1145 24.2088 31.7126 25.9641
XX
CC  residue_type: 
CC  program: transfac
CC  matrix.nb: 30
CC  accession: M00030_2.00
CC  AC: M00030_2.00
CC  id: M00030_2.00
CC  name: RIM101
CC  version: 
CC  name: RIM101
CC  description: RIM101
CC  transfac_consensus: 
CC  matrix.nb: 30
XX
//
AC  M00031_2.00
XX
ID  RSF2
XX
DE  RSF2
P0       A     C     G     T
1    17.5879 17.5879 17.5879 47.2362
2    55.4311 5.69153 14.8276 24.0498
3    0.0127248 99.9618 0.0127248 0.0127248
4    0.0127248 99.9618 0.0127248 0.0127248
5    0.0127248 99.9618 0.0127248 0.0127248
6    0.0127248 99.9618 0.0127248 0.0127248
7    9.09105 0.0127248 61.931 28.9652
8    0.0127248 99.9618 0.0127248 0.0127248
9    59.4478 7.4248 7.4248 25.7026
10   19.3212 42.0364 19.3212 19.3212
XX
CC  residue_type: 
CC  program: transfac
CC  matrix.nb: 31
CC  accession: M00031_2.00
CC  AC: M00031_2.00
CC  id: M00031_2.00
CC  name: RSF2
CC  version: 
CC  name: RSF2
CC  description: RSF2
CC  transfac_consensus: 
CC  matrix.nb: 31
XX
//
AC  M00032_2.00
XX
ID  MSN4
XX
DE  MSN4
P0       A     C     G     T
1    33.26 20.7876 28.0603 17.8921
2    10.2119 68.2756 2.14589 19.3666
3    1.91098 76.525 0.0733596 21.4906
4    0.0613437 99.3588 0.0372068 0.542665
5    10.8375 88.5013 0.17782 0.483365
6    3.38529 26.8278 12.4216 57.3653
7    19.694 12.5574 24.7868 42.9618
8    34.5353 14.9092 30.0235 20.5319
XX
CC  residue_type: 
CC  program: transfac
CC  matrix.nb: 32
CC  accession: M00032_2.00
CC  AC: M00032_2.00
CC  id: M00032_2.00
CC  name: MSN4
CC  version: 
CC  name: MSN4
CC  description: MSN4
CC  transfac_consensus: 
CC  matrix.nb: 32
XX
//
AC  M00033_2.00
XX
ID  ACE2
XX
DE  ACE2
P0       A     C     G     T
1    26.709 26.1349 29.166 17.9901
2    5.3053 13.8982 5.3053 75.4912
3    0.00452347 0.00452347 99.9864     0
4    0.00452347 99.9864 0.00452347     0
5    0.00452347 0.00452347 0.00452347 99.9864
6    0.00452347 0.00452347 99.9864     0
7    0.00452347 12.429 87.562     0
8    0.00452347 19.4183 21.7694 58.8077
9    7.0144 38.784 7.0144 47.1872
10   32.1237 28.4779 19.6992 19.6992
XX
CC  residue_type: 
CC  program: transfac
CC  matrix.nb: 33
CC  accession: M00033_2.00
CC  AC: M00033_2.00
CC  id: M00033_2.00
CC  name: ACE2
CC  version: 
CC  name: ACE2
CC  description: ACE2
CC  transfac_consensus: 
CC  matrix.nb: 33
XX
//
AC  M00034_2.00
XX
ID  STP3
XX
DE  STP3
P0       A     C     G     T
1    17.3575 42.6927 20.574 19.3758
2    5.77057 0.149984 5.60002 88.4794
3    86.8196 6.91597 0.0688265 6.19556
4    3.72353 4.32612 88.6479 3.30247
5    0.778061 93.6018 0.205779 5.41433
6    14.6017 0.497152 81.5438 3.35731
7    6.63808 60.5109 17.1642 15.6869
8    53.1269 12.0937 18.7779 16.0015
XX
CC  residue_type: 
CC  program: transfac
CC  matrix.nb: 34
CC  accession: M00034_2.00
CC  AC: M00034_2.00
CC  id: M00034_2.00
CC  name: STP3
CC  version: 
CC  name: STP3
CC  description: STP3
CC  transfac_consensus: 
CC  matrix.nb: 34
XX
//
AC  M00035_2.00
XX
ID  TDA9
XX
DE  TDA9
P0       A     C     G     T
1    22.7468 22.7468 22.7468 31.7597
2    36.3601 25.3472 14.7678 23.5248
3    0.00503412 99.9849 0.00503412     0
4    0.00503412 99.9849 0.00503412     0
5    0.00503412 99.9849 0.00503412     0
6    0.00503412 99.9849 0.00503412     0
7    0.00503412 0.00503412 90.3088 9.68112
8    0.00503412 99.9849 0.00503412     0
9    75.3564 11.5083 2.25828 10.877
10   19.4633 51.5652 10.2372 18.7343
XX
CC  residue_type: 
CC  program: transfac
CC  matrix.nb: 35
CC  accession: M00035_2.00
CC  AC: M00035_2.00
CC  id: M00035_2.00
CC  name: TDA9
CC  version: 
CC  name: TDA9
CC  description: TDA9
CC  transfac_consensus: 
CC  matrix.nb: 35
XX
//
AC  M00036_2.00
XX
ID  MSN2
XX
DE  MSN2
P0       A     C     G     T
1    16.4746 21.1783 12.9468 49.4003
2    48.3256 24.1669 22.5008 5.00666
3    1.30486 92.8395 4.55077 1.30486
4    0.00644995 99.9807 0.00644995     0
5    0.00644995 99.9807 0.00644995     0
6    0.00644995 99.3357 0.00644995 0.651445
7    0.00670961 18.1227 3.36151 78.5091
8    12.8039 4.00672 28.7988 54.3906
XX
CC  residue_type: 
CC  program: transfac
CC  matrix.nb: 36
CC  accession: M00036_2.00
CC  AC: M00036_2.00
CC  id: M00036_2.00
CC  name: MSN2
CC  version: 
CC  name: MSN2
CC  description: MSN2
CC  transfac_consensus: 
CC  matrix.nb: 36
XX
//
AC  M00037_2.00
XX
ID  RGM1
XX
DE  RGM1
P0       A     C     G     T
1    23.4576 23.4576 37.0311 16.0538
2    0.917848 71.8012 10.0055 17.2755
3    2.86347 93.5518 2.86347 0.721223
4    0.00714082 99.9786 0.00714082     0
5    0.00714082 93.5518 0.00714082 6.43388
6    0.00714082 0.00714082 3.57755 96.4082
7    0.795025 0.00787154 85.0205 14.1766
8    51.0527 3.20077 30.8486 14.8979
XX
CC  residue_type: 
CC  program: transfac
CC  matrix.nb: 37
CC  accession: M00037_2.00
CC  AC: M00037_2.00
CC  id: M00037_2.00
CC  name: RGM1
CC  version: 
CC  name: RGM1
CC  description: RGM1
CC  transfac_consensus: 
CC  matrix.nb: 37
XX
//
AC  M00038_2.00
XX
ID  CRZ1
XX
DE  CRZ1
P0       A     C     G     T
1    31.6184 22.7939 22.7939 22.7939
2    19.7751 19.7751 40.6748 19.7751
3    20.957 9.3161 50.3917 19.3352
4    12.3545 82.9749 2.33534 2.33534
5    10.0234 0.00427026 0.00427026 89.9681
6    27.4188 0.00427026 72.5727     0
7    27.4188 51.673 0.00427026 20.9039
8    0.00427026 10.0234 89.9681     0
9    2.21041 93.3688 2.21041 2.21041
10   5.22919 84.3124 5.22919 5.22919
11   25.0124 25.4798 15.6882 33.8195
12   22.6689 31.9932 22.6689 22.6689
XX
CC  residue_type: 
CC  program: transfac
CC  matrix.nb: 38
CC  accession: M00038_2.00
CC  AC: M00038_2.00
CC  id: M00038_2.00
CC  name: CRZ1
CC  version: 
CC  name: CRZ1
CC  description: CRZ1
CC  transfac_consensus: 
CC  matrix.nb: 38
XX
//
AC  M00039_2.00
XX
ID  AZF1
XX
DE  AZF1
P0       A     C     G     T
1    11.7694 24.1794 1.53036 62.5209
2    19.1973 16.8571 17.1976 46.748
3    16.855 34.2829 20.7936 28.0685
4    15.6636 37.0157 11.038 36.2827
5    22.2972 23.4404 20.9987 33.2636
6    28.2857 24.8376 19.1511 27.7256
7    19.6315 23.0378 23.978 33.3526
8    23.6137 24.3328 18.2074 33.8462
9    23.3889 26.636 20.5377 29.4373
10   20.8504 30.4893 17.2425 31.4178
XX
CC  residue_type: 
CC  program: transfac
CC  matrix.nb: 39
CC  accession: M00039_2.00
CC  AC: M00039_2.00
CC  id: M00039_2.00
CC  name: AZF1
CC  version: 
CC  name: AZF1
CC  description: AZF1
CC  transfac_consensus: 
CC  matrix.nb: 39
XX
//
AC  M00040_2.00
XX
ID  MET31
XX
DE  MET31
P0       A     C     G     T
1    14.31 42.9896 26.0745 16.6259
2    22.0264 32.8595 12.5817 32.5325
3    45.1281 33.0991 0.0252105 21.7476
4    0.0050127 99.905 0.0490076 0.0409346
5    71.4364 20.6726 0.0544108 7.83662
6    0.467882 99.5301 0.000426653     0
7    0.375712 99.5905 0.00166333 0.0320989
8    12.4466 18.5681 0.168882 68.8165
9    19.6226 69.178 10.7691 0.430281
10   20.0729 32.7653 14.7224 32.4393
XX
CC  residue_type: 
CC  program: transfac
CC  matrix.nb: 40
CC  accession: M00040_2.00
CC  AC: M00040_2.00
CC  id: M00040_2.00
CC  name: MET31
CC  version: 
CC  name: MET31
CC  description: MET31
CC  transfac_consensus: 
CC  matrix.nb: 40
XX
//
AC  M00041_2.00
XX
ID  USV1
XX
DE  USV1
P0       A     C     G     T
1    20.2728 24.3247 37.8309 17.5716
2    2.0092 71.9812 7.0072 19.0024
3    7.03686 89.8235 2.35083 0.788816
4    0.00781006 99.9766 0.00781006     0
5    0.00781006 96.0715 0.00781006 3.91284
6    0.00781006 0.00781006 1.56982 98.4146
7    0.00854409 0.00854409 83.7406 16.2423
8    51.1245 2.28305 29.5434 17.0491
XX
CC  residue_type: 
CC  program: transfac
CC  matrix.nb: 41
CC  accession: M00041_2.00
CC  AC: M00041_2.00
CC  id: M00041_2.00
CC  name: USV1
CC  version: 
CC  name: USV1
CC  description: USV1
CC  transfac_consensus: 
CC  matrix.nb: 41
XX
//
AC  M00042_2.00
XX
ID  CMR3
XX
DE  CMR3
P0       A     C     G     T
1    16.6186 35.962 9.48504 37.9344
2    0.00131022 0.00131022 99.9961     0
3    0.00131022 7.91331 0.00131022 92.0841
4    99.9961 0.00131022 0.00131022     0
5    54.9961 0.00131022 45.0013     0
6    99.9961 0.00131022 0.00131022     0
7    0.00131022 0.00131022 0.00131022 99.9961
8    0.00131022 99.9961 0.00131022     0
9    33.8112 35.1563 15.5163 15.5163
XX
CC  residue_type: 
CC  program: transfac
CC  matrix.nb: 42
CC  accession: M00042_2.00
CC  AC: M00042_2.00
CC  id: M00042_2.00
CC  name: CMR3
CC  version: 
CC  name: CMR3
CC  description: CMR3
CC  transfac_consensus: 
CC  matrix.nb: 42
XX
//
AC  M00043_2.00
XX
ID  YPR022C
XX
DE  YPR022C
P0       A     C     G     T
1    17.9233 59.5073 7.14276 15.4267
2    2.08252 85.079 3.87126 8.96726
3    0.105297 99.3879 0.139322 0.367523
4    2.10504 96.9635 0.84733 0.084107
5    88.1075 1.95142 9.86071 0.0803437
6    5.87336 81.4857 4.2225 8.41846
7    21.4813 21.0559 37.2325 20.2303
8    21.5482 35.5269 15.8044 27.1205
9    24.4963 24.0112 22.1651 29.3274
XX
CC  residue_type: 
CC  program: transfac
CC  matrix.nb: 43
CC  accession: M00043_2.00
CC  AC: M00043_2.00
CC  id: M00043_2.00
CC  name: YPR022C
CC  version: 
CC  name: YPR022C
CC  description: YPR022C
CC  transfac_consensus: 
CC  matrix.nb: 43
XX
//
AC  M00044_2.00
XX
ID  HCM1
XX
DE  HCM1
P0       A     C     G     T
1    24.2573 25.7573 29.9257 20.0598
2    38.8668 11.2474 40.8595 9.02628
3    19.3539 11.6219 9.70744 59.3168
4    56.7331 24.0073 1.47456 17.785
5    72.6254 17.731 2.21514 7.42843
6    88.273 1.46292 3.70778 6.55635
7    8.01658 68.8212 4.96053 18.2017
8    87.1825 4.04711 3.62554 5.14489
9    49.7502 15.9111 14.1118 20.2269
XX
CC  residue_type: 
CC  program: transfac
CC  matrix.nb: 44
CC  accession: M00044_2.00
CC  AC: M00044_2.00
CC  id: M00044_2.00
CC  name: HCM1
CC  version: 
CC  name: HCM1
CC  description: HCM1
CC  transfac_consensus: 
CC  matrix.nb: 44
XX
//
AC  M00045_2.00
XX
ID  FKH2
XX
DE  FKH2
P0       A     C     G     T
1    22.2345 0.110619 77.5442 0.110619
2    0.110619 0.110619 0.110619 99.6681
3    99.6681 0.110619 0.110619 0.110619
4    99.6681 0.110619 0.110619 0.110619
5    99.6681 0.110619 0.110619 0.110619
6    0.110619 88.6062 0.110619 11.1726
7    99.6681 0.110619 0.110619 0.110619
8    59.7222 20.0397 0.198413 20.0397
XX
CC  residue_type: 
CC  program: transfac
CC  matrix.nb: 45
CC  accession: M00045_2.00
CC  AC: M00045_2.00
CC  id: M00045_2.00
CC  name: FKH2
CC  version: 
CC  name: FKH2
CC  description: FKH2
CC  transfac_consensus: 
CC  matrix.nb: 45
XX
//
AC  M00046_2.00
XX
ID  FHL1
XX
DE  FHL1
P0       A     C     G     T
1    34.98 20.01    25 20.01
2    0.031211 6.27341 93.6642 0.031211
3    99.919 0.0269978 0.0269978 0.0269978
4    0.0262881 99.9211 0.0262881 0.0262881
5    0.0262881 0.0262881 99.9211 0.0262881
6    0.0262881 99.9211 0.0262881 0.0262881
7    97.2923 0.0262881 2.6551 0.0262881
8    48.2438 31.0262 6.92149 13.8085
XX
CC  residue_type: 
CC  program: transfac
CC  matrix.nb: 46
CC  accession: M00046_2.00
CC  AC: M00046_2.00
CC  id: M00046_2.00
CC  name: FHL1
CC  version: 
CC  name: FHL1
CC  description: FHL1
CC  transfac_consensus: 
CC  matrix.nb: 46
XX
//
AC  M00047_2.00
XX
ID  SRD1
XX
DE  SRD1
P0       A     C     G     T
1    69.3097 2.67857 26.6658 1.34595
2    2.94982 0.00980008 97.0306     0
3    99.064 0.0090876 0.0090876 0.917848
4    10.9142 0.0090876 1.82661 87.2501
5    0.0090876 99.9727 0.0090876     0
6    0.00980008 11.7699 0.00980008 88.2105
7    64.3497 22.9894 8.05377 4.60708
8    9.38476 70.2842 9.38476 10.9463
XX
CC  residue_type: 
CC  program: transfac
CC  matrix.nb: 47
CC  accession: M00047_2.00
CC  AC: M00047_2.00
CC  id: M00047_2.00
CC  name: SRD1
CC  version: 
CC  name: SRD1
CC  description: SRD1
CC  transfac_consensus: 
CC  matrix.nb: 47
XX
//
AC  M00048_2.00
XX
ID  GLN3
XX
DE  GLN3
P0       A     C     G     T
1    18.6841 23.0778 18.6841 39.554
2    42.2708 25.2032 0.00812744 32.5179
3    0.659958 0.00653424 95.4064 3.92708
4    99.9804 0.00653424 0.00653424     0
5    0.00653424 0.00653424 0.00653424 99.9804
6    91.4859 4.5805 0.00653424 3.92708
7    95.7547 0.711067 1.41509 2.11912
8    8.42803 33.6806 52.6199 5.27146
XX
CC  residue_type: 
CC  program: transfac
CC  matrix.nb: 48
CC  accession: M00048_2.00
CC  AC: M00048_2.00
CC  id: M00048_2.00
CC  name: GLN3
CC  version: 
CC  name: GLN3
CC  description: GLN3
CC  transfac_consensus: 
CC  matrix.nb: 48
XX
//
AC  M00049_2.00
XX
ID  GAT1
XX
DE  GAT1
P0       A     C     G     T
1    25.2983 24.0645 24.3064 26.3308
2    26.9403 25.1189 22.0568 25.8839
3    25.2879 28.5121 20.9121 25.2879
4    26.6753 28.043 16.6721 28.6095
5    11.3406 5.35691 75.0675 8.23496
6    84.9031 3.98091 3.56624 7.54972
7    16.2404 5.46028 5.51515 72.7842
8    69.0436 5.55522 6.58463 18.8166
9    44.577 15.1381 20.8471 19.4378
10   23.6453 25.1075 33.5543 17.6929
XX
CC  residue_type: 
CC  program: transfac
CC  matrix.nb: 49
CC  accession: M00049_2.00
CC  AC: M00049_2.00
CC  id: M00049_2.00
CC  name: GAT1
CC  version: 
CC  name: GAT1
CC  description: GAT1
CC  transfac_consensus: 
CC  matrix.nb: 49
XX
//
AC  M00050_2.00
XX
ID  GAT4
XX
DE  GAT4
P0       A     C     G     T
1    31.6933 22.7689 22.7689 22.7689
2    20.8692 20.9583 29.7365 28.436
3    99.9768 0.00774446 0.00774446     0
4    0.00774446 0.00774446 99.9768     0
5    99.9768 0.00774446 0.00774446     0
6    0.00774446 0.00774446 0.00774446 99.9768
7    0.00774446 99.9768 0.00774446     0
8    0.00774446 0.00774446 0.00774446 99.9768
9    57.1845 29.6937 10.883 2.23883
10   13.1199 24.3107 40.353 22.2163
XX
CC  residue_type: 
CC  program: transfac
CC  matrix.nb: 50
CC  accession: M00050_2.00
CC  AC: M00050_2.00
CC  id: M00050_2.00
CC  name: GAT4
CC  version: 
CC  name: GAT4
CC  description: GAT4
CC  transfac_consensus: 
CC  matrix.nb: 50
XX
//
AC  M00051_2.00
XX
ID  GZF3
XX
DE  GZF3
P0       A     C     G     T
1    27.0248 43.2235 0.0269978 29.7246
2    0.0195925 0.0195925 99.9412 0.0195925
3    99.9424 0.019216 0.019216 0.019216
4    0.019216 0.019216 0.019216 99.9424
5    98.0208 0.019216 1.94081 0.019216
6    94.0635 0.0195925 0.0195925 5.89734
7    2.29337 11.376 84.0372 2.29337
8    34.4697 24.1391 24.1391 17.2521
XX
CC  residue_type: 
CC  program: transfac
CC  matrix.nb: 51
CC  accession: M00051_2.00
CC  AC: M00051_2.00
CC  id: M00051_2.00
CC  name: GZF3
CC  version: 
CC  name: GZF3
CC  description: GZF3
CC  transfac_consensus: 
CC  matrix.nb: 51
XX
//
AC  M00052_2.00
XX
ID  DAL80
XX
DE  DAL80
P0       A     C     G     T
1    27.5281 24.2608 22.4974 25.7137
2    24.1344 28.2465 20.4031 27.2159
3    19.6189 24.5027 39.6334 16.245
4    41.0715 15.5415 18.4636 24.9234
5    10.617 6.76989 6.55911 76.054
6    76.054 6.55911 6.76989 10.617
7    24.9234 18.4636 15.5415 41.0715
8    16.245 39.6334 24.5027 19.6189
9    27.2159 20.4031 28.2465 24.1344
10   25.7137 22.4974 24.2608 27.5281
XX
CC  residue_type: 
CC  program: transfac
CC  matrix.nb: 52
CC  accession: M00052_2.00
CC  AC: M00052_2.00
CC  id: M00052_2.00
CC  name: DAL80
CC  version: 
CC  name: DAL80
CC  description: DAL80
CC  transfac_consensus: 
CC  matrix.nb: 52
XX
//
AC  M00053_2.00
XX
ID  GAT3
XX
DE  GAT3
P0       A     C     G     T
1    18.8587 20.4294 38.3585 22.3533
2    17.9356 11.0983 20.2224 50.7438
3    92.9359 0.045589 4.62701 2.39147
4    7.25972 4.86633 83.291 4.58294
5    67.358 0.0290139 0.152593 32.4604
6    1.79192 0.95436 0.391913 96.8618
7    8.87453 61.1412 10.6247 19.3595
8    13.1978 32.1383 15.8006 38.8633
9    29.9614 24.2863 30.8739 14.8784
10   29.826 19.993 23.4619 26.7191
XX
CC  residue_type: 
CC  program: transfac
CC  matrix.nb: 53
CC  accession: M00053_2.00
CC  AC: M00053_2.00
CC  id: M00053_2.00
CC  name: GAT3
CC  version: 
CC  name: GAT3
CC  description: GAT3
CC  transfac_consensus: 
CC  matrix.nb: 53
XX
//
AC  M00054_2.00
XX
ID  ECM23
XX
DE  ECM23
P0       A     C     G     T
1    59.5074 2.39172 21.4303 16.6706
2    85.324 3.4557 11.2117     0
3    0.00714082 0.00714082 99.9786     0
4    99.9786 0.00714082 0.00714082     0
5    0.00714082 0.00714082 0.00714082 99.9786
6    0.00714082 98.5504 0.00714082 1.4353
7    3.64413 26.3631 7.27917 62.7136
8    27.9056 24.4189 44.1771 3.49837
XX
CC  residue_type: 
CC  program: transfac
CC  matrix.nb: 54
CC  accession: M00054_2.00
CC  AC: M00054_2.00
CC  id: M00054_2.00
CC  name: ECM23
CC  version: 
CC  name: ECM23
CC  description: ECM23
CC  transfac_consensus: 
CC  matrix.nb: 54
XX
//
AC  M00055_2.00
XX
ID  HMRA2
XX
DE  HMRA2
P0       A     C     G     T
1    1.9507 77.6495 0.980202 19.4196
2    55.6299 0.00751654 41.3485 3.01413
3    0.664299 3.95291 0.00657722 95.3762
4    1.31338 0.00653424 98.6735     0
5    0.00653424 0.659958 0.00653424 99.327
6    84.0903 0.668697 0.668697 14.5723
7    73.1551 5.69733 4.88459 16.263
8    51.6734 1.13432 2.25741 44.9349
XX
CC  residue_type: 
CC  program: transfac
CC  matrix.nb: 55
CC  accession: M00055_2.00
CC  AC: M00055_2.00
CC  id: M00055_2.00
CC  name: HMRA2
CC  version: 
CC  name: HMRA2
CC  description: HMRA2
CC  transfac_consensus: 
CC  matrix.nb: 55
XX
//
AC  M00056_2.00
XX
ID  PHO2
XX
DE  PHO2
P0       A     C     G     T
1    7.09225 7.09225 0.795025 85.0205
2    86.6502 1.33964 1.33964 10.6705
3    87.326 1.27183 1.90458 9.4976
4    0.00620964 0.00620964 0.00620964 99.9814
5    75.1428 3.11103 1.8691 19.877
6    63.5123 5.03647 0.63506 30.8161
7    66.9102 6.15964 3.08367 23.8465
8    20.6916 5.75597 5.75597 67.7964
XX
CC  residue_type: 
CC  program: transfac
CC  matrix.nb: 56
CC  accession: M00056_2.00
CC  AC: M00056_2.00
CC  id: M00056_2.00
CC  name: PHO2
CC  version: 
CC  name: PHO2
CC  description: PHO2
CC  transfac_consensus: 
CC  matrix.nb: 56
XX
//
AC  M00057_2.00
XX
ID  TOS8
XX
DE  TOS8
P0       A     C     G     T
1    24.5815 22.5257 20.3376 32.5553
2    19.442 26.2562 25.7546 28.5473
3    43.0172 13.6541 13.6692 29.6595
4    8.5866 67.7481 13.6832 9.98212
5    53.349 2.03275 39.5325 5.08571
6    5.08571 39.5325 2.03275 53.349
7    9.98212 13.6832 67.7481 8.5866
8    29.6595 13.6692 13.6541 43.0172
9    28.5473 25.7546 26.2562 19.442
10   32.5553 20.3376 22.5257 24.5815
XX
CC  residue_type: 
CC  program: transfac
CC  matrix.nb: 57
CC  accession: M00057_2.00
CC  AC: M00057_2.00
CC  id: M00057_2.00
CC  name: TOS8
CC  version: 
CC  name: TOS8
CC  description: TOS8
CC  transfac_consensus: 
CC  matrix.nb: 57
XX
//
AC  M00058_2.00
XX
ID  YOX1
XX
DE  YOX1
P0       A     C     G     T
1    56.508 14.1352 10.8757 18.4811
2    6.11264 6.87576 1.53388 85.4777
3    24.8276 9.6594 0.00689465 65.5061
4    89.4567 0.00657722 0.00657722 10.5301
5    96.6917 0.00657722 0.00657722 3.29519
6    7.89924 0.664299 1.32202 90.1144
7    4.80005 0.00684744 3.43057 91.7625
8    65.4724 0.893489 17.7017 15.9324
XX
CC  residue_type: 
CC  program: transfac
CC  matrix.nb: 58
CC  accession: M00058_2.00
CC  AC: M00058_2.00
CC  id: M00058_2.00
CC  name: YOX1
CC  version: 
CC  name: YOX1
CC  description: YOX1
CC  transfac_consensus: 
CC  matrix.nb: 58
XX
//
AC  M00059_2.00
XX
ID  CUP9
XX
DE  CUP9
P0       A     C     G     T
1    4.77154 7.15136 1.20181 86.8753
2    0.0104123 4.17534 95.8038 0.0104123
3    81.2266 5.21658 3.13411 10.4227
4    0.0104123 99.9688 0.0104123 0.0104123
5    89.5564 4.17534 6.25781 0.0104123
6    2.16036 63.4243 17.2077 17.2077
7    64.4529 15.7943 3.95844 15.7943
8    35.2861 5.89734 1.97884 56.8378
XX
CC  residue_type: 
CC  program: transfac
CC  matrix.nb: 59
CC  accession: M00059_2.00
CC  AC: M00059_2.00
CC  id: M00059_2.00
CC  name: CUP9
CC  version: 
CC  name: CUP9
CC  description: CUP9
CC  transfac_consensus: 
CC  matrix.nb: 59
XX
//
AC  M00060_2.00
XX
ID  HSF1
XX
DE  HSF1
P0       A     C     G     T
1    32.0154 18.1055 20.6191 29.2599
2    23.17 23.8756 19.7442 33.2102
3    22.3589 24.2212 28.7095 24.7105
4    16.1512 2.5143 2.9212 78.4133
5    13.8264 5.13756 7.58807 73.448
6    9.23151 70.9959 12.2145 7.55812
7    14.8989 38.1409 14.4586 32.5016
8    47.35 14.9928 20.2381 17.4191
9    18.2247 28.582 15.3755 37.8177
XX
CC  residue_type: 
CC  program: transfac
CC  matrix.nb: 60
CC  accession: M00060_2.00
CC  AC: M00060_2.00
CC  id: M00060_2.00
CC  name: HSF1
CC  version: 
CC  name: HSF1
CC  description: HSF1
CC  transfac_consensus: 
CC  matrix.nb: 60
XX
//
AC  M00061_2.00
XX
ID  SKN7
XX
DE  SKN7
P0       A     C     G     T
1    72.6984 4.55784 7.58631 15.1575
