AC  ABF1
XX
ID  ABF1
XX
DE  ttatcact
P0       A     C     G     T
1    0.961538 0.961538 0.961538 97.1154
2    0.961538 0.961538 0.961538 97.1154
3    97.1154 0.961538 0.961538 0.961538
4    0.961538 0.961538 0.961538 97.1154
5    0.961538 97.1154 0.961538 0.961538
6    97.1154 0.961538 0.961538 0.961538
7    0.961538 97.1154 0.961538 0.961538
8    0.961538 0.961538 0.961538 97.1154
XX
CC  residue_type: 
CC  program: transfac
CC  matrix.nb: 1
CC  accession: ABF1
CC  AC: ABF1
CC  id: ABF1
CC  name: ABF1
CC  version: 
CC  name: ABF1
CC  description: ttatcact
CC  transfac_consensus: 
CC  matrix.nb: 1
XX
//
AC  ABF1
XX
ID  ABF1
XX
DE  wtrtcaytwymtacgr
P0       A     C     G     T
1       34    14    18    34
2       23    18    22    37
3       46     9    45     0
4        0     0     8    92
5       19    81     0     0
6    54.4554 8.91089 24.7525 11.8812
7        0 58.1633     0 41.8367
8       15    24    21    40
9       28    20    18    34
10      17    28    16    39
11      28    26    24    22
12      20    22    17    41
13     100     0     0     0
14       0   100     0     0
15       1     0    99     0
16      44     4    41    11
XX
CC  residue_type: 
CC  program: transfac
CC  matrix.nb: 267
CC  accession: ABF1
CC  AC: ABF1
CC  id: ABF1
CC  name: ABF1
CC  version: 
CC  name: ABF1
CC  description: wtrtcaytwymtacgr
CC  transfac_consensus: 
CC  matrix.nb: 267
XX
//
AC  ABF1
XX
ID  ABF1
XX
DE  hcwtrtcaytwtawacgdawvw
P0       A     C     G     T
1    30.4348 26.087 13.0435 30.4348
2       25 41.6667 16.6667 16.6667
3    54.1667     0 16.6667 29.1667
4    16.6667    25 16.6667 41.6667
5     62.5     0  37.5     0
6        0     0 4.16667 95.8333
7    4.16667 95.8333     0     0
8       75     0 20.8333 4.16667
9        0 41.6667     0 58.3333
10   4.16667  12.5 16.6667 66.6667
11   45.8333 16.6667  12.5    25
12   16.6667 16.6667 4.16667  62.5
13   54.1667 8.33333 16.6667 20.8333
14      25 20.8333 20.8333 33.3333
15     100     0     0     0
16       0   100     0     0
17       0     0   100     0
18   41.6667     0    25 33.3333
19      50  12.5 20.8333 16.6667
20   39.1304 21.7391 13.0435 26.087
21   26.087 30.4348 26.087 17.3913
22   30.4348 17.3913 8.69565 43.4783
XX
CC  residue_type: 
CC  program: transfac
CC  matrix.nb: 448
CC  accession: ABF1
CC  AC: ABF1
CC  id: ABF1
CC  name: ABF1
CC  version: 
CC  name: ABF1
CC  description: hcwtrtcaytwtawacgdawvw
CC  transfac_consensus: 
CC  matrix.nb: 448
XX
//
AC  ABF1
XX
ID  ABF1
XX
DE  yrtcaytatmracgw
P0       A     C     G     T
1    20.9974 26.4436 19.8163 32.7428
2    65.4629     0 34.5371     0
3        0     0     0   100
4        0   100     0     0
5    69.2055 4.26789 15.3644 11.1622
6        0 53.3815     0 46.6185
7    9.52068 10.7026 19.3697 60.4071
8    40.0919 23.3596 15.748 20.8005
9    16.5354 19.6194 14.9606 48.8845
10   45.5082 26.3607 12.2623 15.8689
11   38.411 12.6067 25.8043 23.1779
12     100     0     0     0
13       0   100     0     0
14       0     0   100     0
15   40.4861     0 22.2917 37.2222
XX
CC  residue_type: 
CC  program: transfac
CC  matrix.nb: 449
CC  accession: ABF1
CC  AC: ABF1
CC  id: ABF1
CC  name: ABF1
CC  version: 
CC  name: ABF1
CC  description: yrtcaytatmracgw
CC  transfac_consensus: 
CC  matrix.nb: 449
XX
//
AC  ABF1
XX
ID  ABF1
XX
DE  wkrtcrytyystacgrma
P0       A     C     G     T
1    31.4465 23.1132 18.6478 26.7925
2    22.876 19.4836 30.021 27.6193
3    44.8833 13.6894 41.2029 0.224417
4    0.0935454 0.0935454 6.26754 93.5454
5    11.35 85.9845 1.54772 1.1178
6    50.8388 12.4555 32.2318 4.47382
7    0.0588235 58.8235 0.0588235 41.0588
8    15.0474 23.9731 21.485 39.4945
9    21.4854 25.1989 20.1592 33.1565
10   15.0799 34.7464 19.7012 30.4726
11   24.1615 29.6824 27.753 18.4031
12   16.2669 24.8523 24.1223 34.7584
13   99.7009 0.0997009 0.0997009 0.0997009
14   0.0997009 99.7009 0.0997009 0.0997009
15   0.0990099 0.0990099 99.0099 0.792079
16   40.0481 7.92952 35.1221 16.9003
17   25.8126 27.0856 23.6999 23.402
18   27.5179 24.601 24.4084 23.4728
XX
CC  residue_type: 
CC  program: transfac
CC  matrix.nb: 617
CC  accession: ABF1
CC  AC: ABF1
CC  id: ABF1
CC  name: ABF1
CC  version: 
CC  name: ABF1
CC  description: wkrtcrytyystacgrma
CC  transfac_consensus: 
CC  matrix.nb: 617
XX
//
AC  ABF2
XX
ID  ABF2
XX
DE  astctagagcg
P0       A     C     G     T
1    31.7979 22.734 22.734 22.734
2    9.96125 32.0662 48.0113 9.96125
3    2.20308 2.20308 2.20308 93.3908
4    0.0189034 90.855 9.1072 0.0189034
5    0.0189034 0.0189034 0.0189034 99.9433
6    99.9433 0.0189034 0.0189034 0.0189034
7    0.0189034 19.621 80.3412 0.0189034
8    81.6512 0.0189034 9.57428 8.75561
9    11.0216 11.8402 74.8533 2.28487
10   24.2797 36.8683 23.7944 15.0577
11   22.8158 22.8158 31.5525 22.8158
XX
CC  residue_type: 
CC  program: transfac
CC  matrix.nb: 179
CC  accession: ABF2
CC  AC: ABF2
CC  id: ABF2
CC  name: ABF2
CC  version: 
CC  name: ABF2
CC  description: astctagagcg
CC  transfac_consensus: 
CC  matrix.nb: 179
XX
//
AC  ABF2
XX
ID  ABF2
XX
DE  tctagas
P0       A     C     G     T
1    1.9802 1.9802 1.9802 94.0594
2        0   100     0     0
3        0     0     0   100
4      100     0     0     0
5        0     0   100     0
6       80     2     9     9
7       18    25    39    18
XX
CC  residue_type: 
CC  program: transfac
CC  matrix.nb: 268
CC  accession: ABF2
CC  AC: ABF2
CC  id: ABF2
CC  name: ABF2
CC  version: 
CC  name: ABF2
CC  description: tctagas
CC  transfac_consensus: 
CC  matrix.nb: 268
XX
//
AC  ABF2
XX
ID  ABF2
XX
DE  tctagag
P0       A     C     G     T
1    1.78571 1.78571 1.78571 94.6429
2        0   100     0     0
3        0     0     0   100
4      100     0     0     0
5        0     0   100     0
6    80.3571 1.78571 8.92857 8.92857
7    17.8571    25 39.2857 17.8571
XX
CC  residue_type: 
CC  program: transfac
CC  matrix.nb: 654
CC  accession: ABF2
CC  AC: ABF2
CC  id: ABF2
CC  name: ABF2
CC  version: 
CC  name: ABF2
CC  description: tctagag
CC  transfac_consensus: 
CC  matrix.nb: 654
XX
//
AC  ACA1_CST6
XX
ID  ACA1_CST6
XX
DE  rtgacgtm
P0       A     C     G     T
1    71.2963 0.0712251 28.5613 0.0712251
2    0.0475285 0.0475285 0.0475285 99.8574
3    4.80038 0.0475285 80.846 14.3061
4    99.8574 0.0475285 0.0475285 0.0475285
5    0.0475285 95.1046 0.0475285 4.80038
6    9.55323 0.0475285 90.3517 0.0475285
7    0.0475285 0.0475285 0.0475285 99.8574
8    49.9288 28.5613 0.0712251 21.4387
XX
CC  residue_type: 
CC  program: transfac
CC  matrix.nb: 40
CC  accession: ACA1_CST6
CC  AC: ACA1_CST6
CC  id: ACA1_CST6
CC  name: ACA1_CST6
CC  version: 
CC  name: ACA1_CST6
CC  description: rtgacgtm
CC  transfac_consensus: 
CC  matrix.nb: 40
XX
//
AC  ACA1_CST6
XX
ID  ACA1_CST6
XX
DE  rtgacgtma
P0       A     C     G     T
1    46.5347 10.8911 31.6832 10.8911
2    1.0101 1.0101 1.0101 96.9697
3        1     1    91     7
4      100     0     0     0
5        0   100     0     0
6        5     0    95     0
7        0     0     0   100
8    45.4545 28.2828 8.08081 18.1818
9       46    14    20    20
XX
CC  residue_type: 
CC  program: transfac
CC  matrix.nb: 288
CC  accession: ACA1_CST6
CC  AC: ACA1_CST6
CC  id: ACA1_CST6
CC  name: ACA1_CST6
CC  version: 
CC  name: ACA1_CST6
CC  description: rtgacgtma
CC  transfac_consensus: 
CC  matrix.nb: 288
XX
//
AC  ACA1_CST6
XX
ID  ACA1_CST6
XX
DE  tkacgtma
P0       A     C     G     T
1        0     0     0   100
2        0     0 66.6667 33.3333
3      100     0     0     0
4        0   100     0     0
5        0     0   100     0
6        0     0     0   100
7    66.6667 33.3333     0     0
8      100     0     0     0
XX
CC  residue_type: 
CC  program: transfac
CC  matrix.nb: 543
CC  accession: ACA1_CST6
CC  AC: ACA1_CST6
CC  id: ACA1_CST6
CC  name: ACA1_CST6
CC  version: 
CC  name: ACA1_CST6
CC  description: tkacgtma
CC  transfac_consensus: 
CC  matrix.nb: 543
XX
//
AC  ACA1_CST6
XX
ID  ACA1_CST6
XX
DE  rtgacgtma
P0       A     C     G     T
1    47.3684 10.5263 31.5789 10.5263
2    1.31579 1.31579 1.31579 96.0526
3    1.31579 1.31579 90.7895 6.57895
4      100     0     0     0
5        0   100     0     0
6    5.26316     0 94.7368     0
7        0     0     0   100
8    44.7368 28.9474 7.89474 18.4211
9    46.0526 14.4737 19.7368 19.7368
XX
CC  residue_type: 
CC  program: transfac
CC  matrix.nb: 592
CC  accession: ACA1_CST6
CC  AC: ACA1_CST6
CC  id: ACA1_CST6
CC  name: ACA1_CST6
CC  version: 
CC  name: ACA1_CST6
CC  description: rtgacgtma
CC  transfac_consensus: 
CC  matrix.nb: 592
XX
//
AC  ADR1
XX
ID  ADR1
XX
DE  rkgyggggta
P0       A     C     G     T
1    28.8711 20.3615 30.4059 20.3615
2    17.6117 8.02115 27.2399 47.1273
3    0.00281864 0.00281864 79.9607 20.0336
4    0.00281864 41.8307 0.00281864 58.1637
5    0.00281864 0.00281864 99.9915     0
6    0.00281864 0.00281864 99.9915     0
7    0.00281864 0.00281864 99.9915     0
8    0.00281864 0.00281864 99.9915     0
9    4.64131 4.64131 4.64131 86.0761
10   49.055 16.9817 16.9817 16.9817
XX
CC  residue_type: 
CC  program: transfac
CC  matrix.nb: 51
CC  accession: ADR1
CC  AC: ADR1
CC  id: ADR1
CC  name: ADR1
CC  version: 
CC  name: ADR1
CC  description: rkgyggggta
CC  transfac_consensus: 
CC  matrix.nb: 51
XX
//
AC  ADR1
XX
ID  ADR1
XX
DE  ktggggt
P0       A     C     G     T
1        9     6    51    34
2       10    20     6    64
3        0     0   100     0
4        0     0   100     0
5       15     0    85     0
6        0     0   100     0
7       22    13    24    41
XX
CC  residue_type: 
CC  program: transfac
CC  matrix.nb: 270
CC  accession: ADR1
CC  AC: ADR1
CC  id: ADR1
CC  name: ADR1
CC  version: 
CC  name: ADR1
CC  description: ktggggt
CC  transfac_consensus: 
CC  matrix.nb: 270
XX
//
AC  ADR1
XX
ID  ADR1
XX
DE  yggrgk
P0       A     C     G     T
1    18.75 31.25  12.5  37.5
2        0     0   100     0
3        0     0   100     0
4     37.5     0  62.5     0
5        0     0   100     0
6        0  12.5  37.5    50
XX
CC  residue_type: 
CC  program: transfac
CC  matrix.nb: 450
CC  accession: ADR1
CC  AC: ADR1
CC  id: ADR1
CC  name: ADR1
CC  version: 
CC  name: ADR1
CC  description: yggrgk
CC  transfac_consensus: 
CC  matrix.nb: 450
XX
//
AC  ADR1
XX
ID  ADR1
XX
DE  ktggggt
P0       A     C     G     T
1    9.31229 5.99989 50.5577 34.1301
2    9.5242 20.2811 5.9809 64.2138
3        0     0   100     0
4        0     0   100     0
5    14.6597     0 85.3403     0
6    0.1114 0.1304 99.6309 0.1273
7    22.1005 13.067 24.165 40.6675
XX
CC  residue_type: 
CC  program: transfac
CC  matrix.nb: 524
CC  accession: ADR1
CC  AC: ADR1
CC  id: ADR1
CC  name: ADR1
CC  version: 
CC  name: ADR1
CC  description: ktggggt
CC  transfac_consensus: 
CC  matrix.nb: 524
XX
//
AC  AFT1
XX
ID  AFT1
XX
DE  attgcacccsg
P0       A     C     G     T
1    32.1949 22.6017 22.6017 22.6017
2    19.1661 9.97046 19.1166 51.7468
3    2.258 11.1111 2.258 84.3729
4    0.0167177 8.76415 82.2336 8.98555
5    0.0167177 99.9498 0.0167177 0.0167177
6    82.2336 17.733 0.0167177 0.0167177
7    0.0167177 99.9498 0.0167177 0.0167177
8    0.0167177 99.9498 0.0167177 0.0167177
9    2.41501 92.755 2.41501 2.41501
10   15.0463 25.6746 44.2329 15.0463
11   22.7587 22.7587 31.7238 22.7587
XX
CC  residue_type: 
CC  program: transfac
CC  matrix.nb: 2
CC  accession: AFT1
CC  AC: AFT1
CC  id: AFT1
CC  name: AFT1
CC  version: 
CC  name: AFT1
CC  description: attgcacccsg
CC  transfac_consensus: 
CC  matrix.nb: 2
XX
//
AC  AFT1
XX
ID  AFT1
XX
DE  ttacataktgcacccsmwwkg
P0       A     C     G     T
1    10.6212 20.5411 23.1463 45.6914
2    15.5311 24.9499 22.0441 37.4749
3    36.2725 19.7395 22.1443 21.8437
4    17.9539 39.7192 22.2668 20.0602
5    42.6854 23.1463 15.4309 18.7375
6    13.6409 7.82347 14.2427 64.2929
7    71.7435 2.50501 3.10621 22.6453
8    14.5145 3.1031 28.8288 53.5536
9    3.40681 4.70942 3.90782 87.976
10   16.0321 1.002 81.3627 1.60321
11   1.00301 96.8907 1.10331 1.00301
12   96.1962 0.900901 1.5015 1.4014
13   0.800801 97.2973 0.900901 1.001
14   2.50501 95.6914 0.200401 1.60321
15   1.90572 74.2227 1.30391 22.5677
16   18.1545 25.7773 49.5486 6.51956
17   26.5531 25.2505 24.1483 24.0481
18   28.7575 15.5311 18.3367 37.3747
19   27.6553 18.0361 6.81363 47.495
20   12.337 22.5677 35.8074 29.2879
21   15.4309 23.6473 45.8918 15.0301
XX
CC  residue_type: 
CC  program: transfac
CC  matrix.nb: 271
CC  accession: AFT1
CC  AC: AFT1
CC  id: AFT1
CC  name: AFT1
CC  version: 
CC  name: AFT1
CC  description: ttacataktgcacccsmwwkg
CC  transfac_consensus: 
CC  matrix.nb: 271
XX
//
AC  AFT1
XX
ID  AFT1
XX
DE  tgcaccy
P0       A     C     G     T
1    7.72999 13.7389 12.0687 66.4624
2    19.7858 3.48251 75.1202 1.61149
3    2.61966 91.8437 0.597126 4.93954
4    88.5349 1.25693 8.91297 1.2952
5    4.89139 89.7584 4.47527 0.874933
6    0.80683 94.3577 0.80668 4.02876
7    4.13252 53.5848 4.20106 38.0816
XX
CC  residue_type: 
CC  program: transfac
CC  matrix.nb: 563
CC  accession: AFT1
CC  AC: AFT1
CC  id: AFT1
CC  name: AFT1
CC  version: 
CC  name: AFT1
CC  description: tgcaccy
CC  transfac_consensus: 
CC  matrix.nb: 563
XX
//
AC  AFT2
XX
ID  AFT2
XX
DE  whyrcaccyy
P0       A     C     G     T
1    29.7121 19.9166 19.1357 31.2355
2    25.8788 25.3663 20.1544 28.6005
3    20.6317 28.1298 24.2116 27.0268
4    37.9793 16.0714 31.4073 14.542
5    6.74466 86.3795 2.82568 4.05014
6    84.9665 4.67513 9.04541 1.31292
7    3.29925 94.9827 0.046593 1.67146
8    15.4413 78.8102 1.7455 4.003
9    10.5126 63.5977 0.544753 25.3449
10   19.8322 32.0502 22.1382 25.9794
XX
CC  residue_type: 
CC  program: transfac
CC  matrix.nb: 3
CC  accession: AFT2
CC  AC: AFT2
CC  id: AFT2
CC  name: AFT2
CC  version: 
CC  name: AFT2
CC  description: whyrcaccyy
CC  transfac_consensus: 
CC  matrix.nb: 3
XX
//
AC  AFT2
XX
ID  AFT2
XX
DE  srcacccs
P0       A     C     G     T
1        8    45    27    20
2       70     0    30     0
3        0   100     0     0
4      100     0     0     0
5        0   100     0     0
6        0   100     0     0
7        0   100     0     0
8    9.09091 42.4242 27.2727 21.2121
XX
CC  residue_type: 
CC  program: transfac
CC  matrix.nb: 272
CC  accession: AFT2
CC  AC: AFT2
CC  id: AFT2
CC  name: AFT2
CC  version: 
CC  name: AFT2
CC  description: srcacccs
CC  transfac_consensus: 
CC  matrix.nb: 272
XX
//
AC  AFT2
XX
ID  AFT2
XX
DE  rcaccc
P0       A     C     G     T
1    37.6623 5.09491 52.7473 4.4955
2      2.4  82.1    13   2.5
3    83.7838 8.80881 1.7017 5.70571
4      3.1  88.7   5.3   2.9
5      3.6  85.2   8.7   2.5
6      3.3  85.2   3.9   7.6
XX
CC  residue_type: 
CC  program: transfac
CC  matrix.nb: 696
CC  accession: AFT2
CC  AC: AFT2
CC  id: AFT2
CC  name: AFT2
CC  version: 
CC  name: AFT2
CC  description: rcaccc
CC  transfac_consensus: 
CC  matrix.nb: 696
XX
//
AC  ARG5,6
XX
ID  ARG5,6
XX
DE  mgcmktkkhsc
P0       A     C     G     T
1     37.5  62.5     0     0
2        0     0  87.5  12.5
3        0   100     0     0
4       25    75     0     0
5        0     0  62.5  37.5
6        0     0     0   100
7     12.5  12.5    25    50
8        0     0  37.5  62.5
9       50    25     0    25
10       0    25    75     0
11       0   100     0     0
XX
CC  residue_type: 
CC  program: transfac
CC  matrix.nb: 546
CC  accession: ARG5,6
CC  AC: ARG5,6
CC  id: ARG5,6
CC  name: ARG5,6
CC  version: 
CC  name: ARG5,6
CC  description: mgcmktkkhsc
CC  transfac_consensus: 
CC  matrix.nb: 546
XX
//
AC  ARG80_MCM1
XX
ID  ARG80_MCM1
XX
DE  cgaawwvrga
P0       A     C     G     T
1    11.2022 58.3295 8.13444 22.3339
2    21.4189 22.9719 34.6145 20.9947
3    41.7547 15.2079 22.9155 20.122
4    58.4466 6.03825 12.9114 22.6037
5    38.5008 9.12191 9.39971 42.9776
6    30.1324 23.0024 17.9143 28.9509
7    25.7339 27.3252 28.4403 18.5007
8    27.8132 3.4747 64.4255 4.28667
9    10.9929 0.0794406 74.2363 14.6913
10   39.2464 18.5387 18.1716 24.0434
XX
CC  residue_type: 
CC  program: transfac
CC  matrix.nb: 148
CC  accession: ARG80_MCM1
CC  AC: ARG80_MCM1
CC  id: ARG80_MCM1
CC  name: ARG80_MCM1
CC  version: 
CC  name: ARG80_MCM1
CC  description: cgaawwvrga
CC  transfac_consensus: 
CC  matrix.nb: 148
XX
//
AC  ARG80_MCM1
XX
ID  ARG80_MCM1
XX
DE  gmgtcw
P0       A     C     G     T
1    7.24638     0 92.7536     0
2    35.9375 41.1458     0 22.9167
3        0     0   100     0
4        0     0     0   100
5        0   100     0     0
6    43.6709     0     0 56.3291
XX
CC  residue_type: 
CC  program: transfac
CC  matrix.nb: 273
CC  accession: ARG80_MCM1
CC  AC: ARG80_MCM1
CC  id: ARG80_MCM1
CC  name: ARG80_MCM1
CC  version: 
CC  name: ARG80_MCM1
CC  description: gmgtcw
CC  transfac_consensus: 
CC  matrix.nb: 273
XX
//
AC  ARG80_MCM1
XX
ID  ARG80_MCM1
XX
DE  ttccyrawtrgg
P0       A     C     G     T
1    3.4669 2.55456 2.9122 91.0663
2    15.6343 2.26595 6.86177 75.238
3    0.117492 98.0394 0.983992 0.859157
4        0 95.315 0.232795 4.4522
5    12.4658 37.8814 7.49092 42.1619
6    62.0431 3.68883 26.271 7.99701
7    91.4747     0 1.72251 6.80282
8    38.3373 4.58932 1.39395 55.6795
9    23.9493 22.3292 14.4437 39.2778
10   26.548 18.6249 36.3317 18.4955
11   7.03572     0 92.2614 0.702848
12   2.66261 2.93032 82.1648 12.2422
XX
CC  residue_type: 
CC  program: transfac
CC  matrix.nb: 333
CC  accession: ARG80_MCM1
CC  AC: ARG80_MCM1
CC  id: ARG80_MCM1
CC  name: ARG80_MCM1
CC  version: 
CC  name: ARG80_MCM1
CC  description: ttccyrawtrgg
CC  transfac_consensus: 
CC  matrix.nb: 333
XX
//
AC  ARG80_MCM1
XX
ID  ARG80_MCM1
XX
DE  wtwccyaawcrggwmw
P0       A     C     G     T
1    34.7826 13.0435 8.69565 43.4783
2    13.0435 17.3913 17.3913 52.1739
3    26.087     0 21.7391 52.1739
4        0   100     0     0
5        0   100     0     0
6        0 43.4783     0 56.5217
7    78.2609 4.34783 4.34783 13.0435
8    82.6087     0 4.34783 13.0435
9    47.8261     0     0 52.1739
10   21.7391 43.4783 17.3913 17.3913
11   34.7826 17.3913 26.087 21.7391
12   21.7391     0 78.2609     0
13   4.34783     0 91.3043 4.34783
14   26.087 8.69565     0 65.2174
15   60.8696 26.087 8.69565 4.34783
16   65.2174     0 8.69565 26.087
XX
CC  residue_type: 
CC  program: transfac
CC  matrix.nb: 462
CC  accession: ARG80_MCM1
CC  AC: ARG80_MCM1
CC  id: ARG80_MCM1
CC  name: ARG80_MCM1
CC  version: 
CC  name: ARG80_MCM1
CC  description: wtwccyaawcrggwmw
CC  transfac_consensus: 
CC  matrix.nb: 462
XX
//
AC  ARG80_MCM1
XX
ID  ARG80_MCM1
XX
DE  tttccgyvskmgshss
P0       A     C     G     T
1      3.5  24.4  10.1    62
2    3.0969 8.59141 8.79121 79.5205
3     15.8  10.2  19.9  54.1
4      7.4  56.4  13.3  22.9
5    5.10511 83.6837 6.00601 5.20521
6     22.9  16.8  35.5  24.8
7    17.5824 37.2627 10.1898 34.965
8    35.964 32.1678 29.5704 2.2977
9     12.3  35.5  28.3  23.9
10    19.9  14.7  32.6  32.8
11   42.6573 25.7742 21.978 9.59041
12     2.9   2.4  92.9   1.8
13    12.3  26.8  36.6  24.3
14      31    34    10    25
15    16.4  32.7  31.6  19.3
16   21.021 27.1271 30.03 21.8218
XX
CC  residue_type: 
CC  program: transfac
CC  matrix.nb: 650
CC  accession: ARG80_MCM1
CC  AC: ARG80_MCM1
CC  id: ARG80_MCM1
CC  name: ARG80_MCM1
CC  version: 
CC  name: ARG80_MCM1
CC  description: tttccgyvskmgshss
CC  transfac_consensus: 
CC  matrix.nb: 650
XX
//
AC  ARG80_MCM1
XX
ID  ARG80_MCM1
XX
DE  tstttcccawwtsggamayk
P0       A     C     G     T
1    24.7387 15.9698 11.1426 48.1488
2    16.738 27.5851 31.4154 24.2614
3    16.9124 20.4936 10.23 52.364
4    8.94356 8.45523 16.1973 66.4039
5    17.0372 3.36688 12.9287 66.6672
6    13.0139 80.8174 0.938277 5.23041
7    1.11048 81.2592 0.723264 16.9071
8    12.1686 40.5354 24.3077 22.9883
9    60.1855 7.62697 17.1089 15.0786
10   66.3071 0.710375 3.56973 29.4128
11   29.4128 3.56973 0.710375 66.3071
12   15.0786 17.1089 7.62697 60.1855
13   16.9982 44.3223 27.0397 11.6398
14   16.9071 0.723264 81.2592 1.11048
15   5.23041 0.938277 80.8174 13.0139
16   72.1932 9.33475 10.3155 8.15652
17   47.9693 29.1824 8.09041 14.7579
18   54.7301 6.60683 21.6109 17.0522
19   17.6817 31.744 10.8132 39.7611
20   24.7463 23.5867 26.2819 25.3851
XX
CC  residue_type: 
CC  program: transfac
CC  matrix.nb: 651
CC  accession: ARG80_MCM1
CC  AC: ARG80_MCM1
CC  id: ARG80_MCM1
CC  name: ARG80_MCM1
CC  version: 
CC  name: ARG80_MCM1
CC  description: tstttcccawwtsggamayk
CC  transfac_consensus: 
CC  matrix.nb: 651
XX
//
AC  ARG81
XX
ID  ARG81
XX
DE  rtgactch
P0       A     C     G     T
1    29.798 6.06061 41.9192 22.2222
2    3.65854     0 2.43902 93.9024
3    7.72201     0 92.278     0
4      100     0     0     0
5        0 99.6324     0 0.367647
6    0.606061     0     0 99.3939
7        0   100     0     0
8    31.7204 31.7204 2.15054 34.4086
XX
CC  residue_type: 
CC  program: transfac
CC  matrix.nb: 274
CC  accession: ARG81
CC  AC: ARG81
CC  id: ARG81
CC  name: ARG81
CC  version: 
CC  name: ARG81
CC  description: rtgactch
CC  transfac_consensus: 
CC  matrix.nb: 274
XX
//
AC  ARG81
XX
ID  ARG81
XX
DE  ccgmtrccg
P0       A     C     G     T
1    17.2172 67.968 12.9129 1.9019
2    12.6873 68.9311 12.0879 6.29371
3      5.5  15.3  75.4   3.8
4     57.1  31.4   3.4   8.1
5      7.5  14.9  16.7  60.9
6     64.8   2.3    27   5.9
7      3.9  76.1  17.5   2.5
8      2.2    87   9.5   1.3
9      1.5   3.4  85.6   9.5
XX
CC  residue_type: 
CC  program: transfac
CC  matrix.nb: 644
CC  accession: ARG81
CC  AC: ARG81
CC  id: ARG81
CC  name: ARG81
CC  version: 
CC  name: ARG81
CC  description: ccgmtrccg
CC  transfac_consensus: 
CC  matrix.nb: 644
XX
//
AC  ARO80
XX
ID  ARO80
XX
DE  wwwsccgar
P0       A     C     G     T
1    26.4556 24.915 23.464 25.1654
2    25.9069 20.3791 19.7768 33.9372
3    28.7046 13.5591 10.8814 46.8549
4    23.3873 28.2811 27.9997 20.3319
5    0.173244 97.2171 2.60373     0
6    0.0495943 91.4801 8.46654     0
7    0.101548 1.55702 97.7856 0.555869
8    43.2248 19.2289 19.6174 17.9289
9    26.0448 20.4875 31.4946 21.9731
XX
CC  residue_type: 
CC  program: transfac
CC  matrix.nb: 208
CC  accession: ARO80
CC  AC: ARO80
CC  id: ARO80
CC  name: ARO80
CC  version: 
CC  name: ARO80
CC  description: wwwsccgar
CC  transfac_consensus: 
CC  matrix.nb: 208
XX
//
AC  ARO80
XX
ID  ARO80
XX
DE  dmwtwmtwvccgagmwtkmyc
P0       A     C     G     T
1    29.8597 17.0341 25.2505 27.8557
2    31.0621 34.9699 10.3206 23.6473
3    34.7347 17.8178 21.7217 25.7257
4    23.0461 20.5411 21.0421 35.3707
5    41.8418 19.3193 11.9119 26.9269
6    29.9599 37.2745 22.2445 10.521
7    18.1181 6.00601 6.80681 69.0691
8    31.8637 0.601202 0.400802 67.1343
9    32.9659 29.5591 35.9719 1.50301
10   0.200401 99.1984 0.501002 0.1002
11   0.1001 97.5976 2.2022 0.1001
12   0.501002 0.1002 98.8978 0.501002
13   75.5266 0.802407 23.1695 0.501505
14   18.5185 3.003 74.4745 4.004
15   42.6426 33.6336 15.4154 8.30831
16   35.5711 13.5271 19.8397 31.0621
17   18.6373 22.9459 19.3387 39.0782
18   13.6136 20.3203 25.3253 40.7407
19   32.3647 31.7635 23.2465 12.6253
20   17.4349 30.1603 19.3387 33.0661
21   21.0421 53.2064 15.5311 10.2204
XX
CC  residue_type: 
CC  program: transfac
CC  matrix.nb: 275
CC  accession: ARO80
CC  AC: ARO80
CC  id: ARO80
CC  name: ARO80
CC  version: 
CC  name: ARO80
CC  description: dmwtwmtwvccgagmwtkmyc
CC  transfac_consensus: 
CC  matrix.nb: 275
XX
//
AC  ARO80
XX
ID  ARO80
XX
DE  ccgatratwaccg
P0       A     C     G     T
1      2.4  83.4   6.6   7.6
2    7.50751 74.7748 15.1151 2.6026
3    3.5964 3.4965 87.6124 5.29471
4     55.2  20.8   2.8  21.2
5    24.3756 24.6753 23.3766 27.5724
6    38.8388 18.7187 33.9339 8.50851
7     46.8  18.8  14.6  19.8
8     12.4    17  13.7  56.9
9     37.2   7.5    18  37.3
10    43.4    10  22.3  24.3
11   12.2877 79.7203 6.19381 1.7982
12     3.2  83.3   4.4   9.1
13     6.3   5.8  82.7   5.2
XX
CC  residue_type: 
CC  program: transfac
CC  matrix.nb: 531
CC  accession: ARO80
CC  AC: ARO80
CC  id: ARO80
CC  name: ARO80
CC  version: 
CC  name: ARO80
CC  description: ccgatratwaccg
CC  transfac_consensus: 
CC  matrix.nb: 531
XX
//
AC  ARO80
XX
ID  ARO80
XX
DE  twrccgnnnntwrccgnnnntwrccg
P0       A     C     G     T
1        0     0     0   100
2       50     0     0    50
3       50     0    50     0
4        0   100     0     0
5        0   100     0     0
6        0     0   100     0
7       25    25    25    25
8       25    25    25    25
9       25    25    25    25
10      25    25    25    25
11       0     0     0   100
12      50     0     0    50
13      50     0    50     0
14       0   100     0     0
15       0   100     0     0
16       0     0   100     0
17      25    25    25    25
18      25    25    25    25
19      25    25    25    25
20      25    25    25    25
21       0     0     0   100
22      50     0     0    50
23      50     0    50     0
24       0   100     0     0
25       0   100     0     0
26       0     0   100     0
XX
CC  residue_type: 
CC  program: transfac
CC  matrix.nb: 532
CC  accession: ARO80
CC  AC: ARO80
CC  id: ARO80
CC  name: ARO80
CC  version: 
CC  name: ARO80
CC  description: twrccgnnnntwrccgnnnntwrccg
CC  transfac_consensus: 
CC  matrix.nb: 532
XX
//
AC  ARO80
XX
ID  ARO80
XX
DE  dmwtwmtwvccgagmwtkmyc
P0       A     C     G     T
1    29.879 17.0242 25.2556 27.8411
2    31.0989 34.9776 10.3141 23.6094
3    34.7489 17.8067 21.7143 25.7301
4    23.0493 20.5046 21.0714 35.3747
5    41.8081 19.3046 11.9687 26.9185
6    29.9331 37.2726 22.2702 10.5241
7    18.1038 6.02328 6.83538 69.0375
8    31.8481 0.642632 0.417571 67.0917
9    32.9563 29.5906 35.9291 1.52401
10   0.239697 99.0191 0.563267 0.177931
11   0.105049 97.5014 2.22928 0.164305
12   0.58591 0.121301 98.7925 0.50032
13   75.334 0.895071 23.1884 0.582487
14   18.5099 3.04686 74.41 4.03325
15   42.6174 33.6033 15.4087 8.37054
16   35.5768 13.5404 19.8534 31.0294
17   18.6554 22.9429 19.3969 39.0048
18   13.6111 20.3675 25.3095 40.712
19   32.3879 31.7895 23.2231 12.5995
20   17.4242 30.1529 19.3738 33.0491
21   21.0187 53.161 15.5405 10.2797
XX
CC  residue_type: 
CC  program: transfac
CC  matrix.nb: 533
CC  accession: ARO80
CC  AC: ARO80
CC  id: ARO80
CC  name: ARO80
CC  version: 
CC  name: ARO80
CC  description: dmwtwmtwvccgagmwtkmyc
CC  transfac_consensus: 
CC  matrix.nb: 533
XX
//
AC  ARR1
XX
ID  ARR1
XX
DE  ayytraat
P0       A     C     G     T
1      100     0     0     0
2    11.9403 37.3134 14.4279 36.3184
3    16.0428 37.4332     0 46.5241
4        0     0     0   100
5    31.1966     0 68.8034     0
6    70.8791 22.5275 6.59341     0
7    81.0651     0 17.1598 1.77515
8    6.70732     0 14.6341 78.6585
XX
CC  residue_type: 
CC  program: transfac
CC  matrix.nb: 276
CC  accession: ARR1
CC  AC: ARR1
CC  id: ARR1
CC  name: ARR1
CC  version: 
CC  name: ARR1
CC  description: ayytraat
CC  transfac_consensus: 
CC  matrix.nb: 276
XX
//
AC  ARR1
XX
ID  ARR1
XX
DE  ayttraat
P0       A     C     G     T
1    98.9354 0.717142 0.307217 0.0402021
2    16.7801 25.8411 10.7004 46.6783
3    20.5666 24.003 0.244371 55.186
4    0.0430205 0.0231167 0.120081 99.8138
5    46.271 0.0233886 53.6665 0.0390925
6    80.483 14.3754 5.10011 0.041539
7    85.3828 0.135446 10.4598 4.02189
8    8.99776 1.31265 9.09757 80.592
XX
CC  residue_type: 
CC  program: transfac
CC  matrix.nb: 711
CC  accession: ARR1
CC  AC: ARR1
CC  id: ARR1
CC  name: ARR1
CC  version: 
CC  name: ARR1
CC  description: ayttraat
CC  transfac_consensus: 
CC  matrix.nb: 711
XX
//
AC  ASG1
XX
ID  ASG1
XX
DE  wtwtccg
P0       A     C     G     T
1    25.0012 23.5452 23.5452 27.9083
2    22.2461 22.2461 23.6217 31.886
3    31.1965 13.878 8.849 46.0766
4    9.42757 24.1344 12.7259 53.7121
5    0.187869 99.2847 0.515814 0.0116551
6    0.692671 87.6017 11.6208 0.084822
7    4.35402 4.18329 91.0218 0.440916
XX
CC  residue_type: 
CC  program: transfac
CC  matrix.nb: 217
CC  accession: ASG1
CC  AC: ASG1
CC  id: ASG1
CC  name: ASG1
CC  version: 
CC  name: ASG1
CC  description: wtwtccg
CC  transfac_consensus: 
CC  matrix.nb: 217
XX
//
AC  ASG1
XX
ID  ASG1
XX
DE  wtwyccgr
P0       A     C     G     T
1    26.8839 24.0835 22.681 26.3516
2    19.6713 24.0266 24.5119 31.7902
3    38.4337 13.3156 12.4154 35.8353
4    12.6111 25.143 20.7922 41.4537
5    0.00722944 93.7288 5.36773 0.896198
6    0.00353221 99.8998 0.0875249     0
7    6.71657 9.43642 78.6161 5.23087
8    26.6022 17.832 34.848 20.7178
XX
CC  residue_type: 
CC  program: transfac
CC  matrix.nb: 218
CC  accession: ASG1
CC  AC: ASG1
CC  id: ASG1
CC  name: ASG1
CC  version: 
CC  name: ASG1
CC  description: wtwyccgr
CC  transfac_consensus: 
CC  matrix.nb: 218
XX
//
AC  ASG1
XX
ID  ASG1
XX
DE  wtccgg
P0       A     C     G     T
1       47     0     0    53
2        0 16.1616 11.1111 72.7273
3        0   100     0     0
4        0   100     0     0
5        0     0   100     0
6       24     0    76     0
XX
CC  residue_type: 
CC  program: transfac
CC  matrix.nb: 277
CC  accession: ASG1
CC  AC: ASG1
CC  id: ASG1
CC  name: ASG1
CC  version: 
CC  name: ASG1
CC  description: wtccgg
CC  transfac_consensus: 
CC  matrix.nb: 277
XX
//
AC  ASG1
XX
ID  ASG1
XX
DE  wtccgg
P0       A     C     G     T
1    47.067 0.139665 0.139665 52.6536
2    0.139665 16.3408 11.3128 72.2067
3    0.139665 99.581 0.139665 0.139665
4    0.139665 99.581 0.139665 0.139665
5    0.139665 0.139665 99.581 0.139665
6    24.162 0.139665 75.5587 0.139665
XX
CC  residue_type: 
CC  program: transfac
CC  matrix.nb: 595
CC  accession: ASG1
CC  AC: ASG1
CC  id: ASG1
CC  name: ASG1
CC  version: 
CC  name: ASG1
CC  description: wtccgg
CC  transfac_consensus: 
CC  matrix.nb: 595
XX
//
AC  ASG1
XX
ID  ASG1
XX
DE  yccggsmgagwyccgg
P0       A     C     G     T
1    22.1284 36.3578 6.57868 34.9352
2    5.20734 85.2478 2.42729 7.11761
3    1.89561 89.1457 8.2034 0.755302
4    0.789759 9.60538 87.6526 1.95222
5    4.81088 7.31231 83.8409 4.03591
6    23.4061 41.9944 28.4864 6.11308
7    26.4166 50.3851 6.23352 16.9648
8    4.03708 6.22979 65.1438 24.5893
9    48.3151 6.59661 21.7921 23.2962
10   5.85334 7.30673 64.5495 22.2904
11   35.1128 5.56501 8.33316 50.989
12   10.8841 31.7551 14.3915 42.9692
13   4.03591 83.8409 7.31231 4.81088
14   1.95222 87.6526 9.60538 0.789759
15   0.755302 8.2034 89.1457 1.89561
16   7.11761 2.42729 85.2478 5.20734
XX
CC  residue_type: 
CC  program: transfac
CC  matrix.nb: 596
CC  accession: ASG1
CC  AC: ASG1
CC  id: ASG1
CC  name: ASG1
CC  version: 
CC  name: ASG1
CC  description: yccggsmgagwyccgg
CC  transfac_consensus: 
CC  matrix.nb: 596
XX
//
AC  ASH1
XX
ID  ASH1
XX
DE  ccygayyygg
P0       A     C     G     T
1    6.56934 93.4307     0     0
2    6.88406 90.2174 2.89855     0
3    13.1313 46.4646     0 40.404
4    15.4867 3.53982 66.3717 14.6018
5    88.5542 4.81928 6.62651     0
6        0 29.3478     0 70.6522
7    5.33333 44.8889    24 25.7778
8    4.44444 59.1111 9.33333 27.1111
9    1.02041     0 98.9796     0
10   13.308 3.04183 83.6502     0
XX
CC  residue_type: 
CC  program: transfac
CC  matrix.nb: 278
CC  accession: ASH1
CC  AC: ASH1
CC  id: ASH1
CC  name: ASH1
CC  version: 
CC  name: ASH1
CC  description: ccygayyygg
CC  transfac_consensus: 
CC  matrix.nb: 278
XX
//
AC  ASH1
XX
ID  ASH1
XX
DE  atcar
P0       A     C     G     T
1      100     0     0     0
2        0     0     0   100
3        0   100     0     0
4      100     0     0     0
5       50     0    50     0
XX
CC  residue_type: 
CC  program: transfac
CC  matrix.nb: 618
CC  accession: ASH1
CC  AC: ASH1
CC  id: ASH1
CC  name: ASH1
CC  version: 
CC  name: ASH1
CC  description: atcar
CC  transfac_consensus: 
CC  matrix.nb: 618
XX
//
AC  AZF1
XX
ID  AZF1
XX
DE  rraawarraa
P0       A     C     G     T
1    31.4178 17.2425 30.4893 20.8504
2    29.4373 20.5377 26.636 23.3889
3    33.8462 18.2074 24.3328 23.6137
4    33.3526 23.978 23.0378 19.6315
5    27.7256 19.1511 24.8376 28.2857
6    33.2636 20.9987 23.4404 22.2972
7    36.2827 11.038 37.0157 15.6636
8    28.0685 20.7936 34.2829 16.855
9    46.748 17.1976 16.8571 19.1973
10   62.5209 1.53036 24.1794 11.7694
XX
CC  residue_type: 
CC  program: transfac
CC  matrix.nb: 79
CC  accession: AZF1
CC  AC: AZF1
CC  id: AZF1
CC  name: AZF1
CC  version: 
CC  name: AZF1
CC  description: rraawarraa
CC  transfac_consensus: 
CC  matrix.nb: 79
XX
//
AC  AZF1
XX
ID  AZF1
XX
DE  aaaargaaa
P0       A     C     G     T
1    61.7647 12.7451 12.7451 12.7451
2      100     0     0     0
3      100     0     0     0
4    87.1287 12.8713     0     0
5       75     0    25     0
6        0     0   100     0
7       78    16     3     3
8    81.8182 6.06061 6.06061 6.06061
9    61.7647 12.7451 12.7451 12.7451
XX
CC  residue_type: 
CC  program: transfac
CC  matrix.nb: 279
CC  accession: AZF1
CC  AC: AZF1
CC  id: AZF1
CC  name: AZF1
CC  version: 
CC  name: AZF1
CC  description: aaaargaaa
CC  transfac_consensus: 
CC  matrix.nb: 279
XX
//
AC  AZF1
XX
ID  AZF1
XX
DE  aaaargaaa
P0       A     C     G     T
1     62.5  12.5  12.5  12.5
2      100     0     0     0
3      100     0     0     0
4     87.5  12.5     0     0
5       75     0    25     0
6        0     0   100     0
7    78.125 15.625 3.125 3.125
8    81.25  6.25  6.25  6.25
9     62.5  12.5  12.5  12.5
XX
CC  residue_type: 
CC  program: transfac
CC  matrix.nb: 677
CC  accession: AZF1
CC  AC: AZF1
CC  id: AZF1
CC  name: AZF1
CC  version: 
CC  name: AZF1
CC  description: aaaargaaa
CC  transfac_consensus: 
CC  matrix.nb: 677
XX
//
AC  BAS1
XX
ID  BAS1
XX
DE  mmgagtca
P0       A     C     G     T
1    28.5511 71.1648 0.142045 0.142045
2    33.2965 44.3584 22.2345 0.110619
3    0.110619 0.110619 99.6681 0.110619
4    99.6681 0.110619 0.110619 0.110619
5    0.110619 0.110619 99.6681 0.110619
6    0.110619 0.110619 0.110619 99.6681
7    0.110619 99.6681 0.110619 0.110619
8    99.5739 0.142045 0.142045 0.142045
XX
CC  residue_type: 
CC  program: transfac
CC  matrix.nb: 154
CC  accession: BAS1
CC  AC: BAS1
CC  id: BAS1
CC  name: BAS1
CC  version: 
CC  name: BAS1
CC  description: mmgagtca
CC  transfac_consensus: 
CC  matrix.nb: 154
XX
//
AC  BAS1
XX
ID  BAS1
XX
DE  kcwyrgccvgagtcardwyra
P0       A     C     G     T
1    6.41283 21.7435 42.5852 29.2585
2    10.4208 55.3106 15.0301 19.2385
3    48.5456 11.1334 11.4343 28.8867
4    7.81563 40.1804 18.6373 33.3667
5    45.5912 5.11022 37.0741 12.2244
6    24.8497 3.40681 67.1343 4.60922
7    9.81964 72.5451 14.3287 3.30661
8    5.21565 92.0762 0.702106 2.00602
9    34.8697 34.6693 28.0561 2.40481
10   1.2024 0.300601 97.8958 0.601202
11   96.7936 0.501002 2.30461 0.400802
12   2.60521 0.601202 96.3928 0.400802
13   0.901804 1.002 0.400802 97.6954
14   4.7047 93.0931 0.700701 1.5015
15   89.2893 4.2042 1.6016 4.9049
16   48.7976 12.3246 32.0641 6.81363
17   28.8288 14.014 31.7317 25.4254
18   37.3747 11.022 8.11623 43.487
19   17.8536 36.8104 18.4554 26.8806
20   40.321 14.0421 34.2026 11.4343
21   43.5435 22.9229 24.1241 9.40941
XX
CC  residue_type: 
CC  program: transfac
CC  matrix.nb: 280
CC  accession: BAS1
CC  AC: BAS1
CC  id: BAS1
CC  name: BAS1
CC  version: 
CC  name: BAS1
CC  description: kcwyrgccvgagtcardwyra
CC  transfac_consensus: 
CC  matrix.nb: 280
XX
//
AC  BAS1
XX
ID  BAS1
XX
DE  gagtca
P0       A     C     G     T
1    0.799201 0.4995 97.9021 0.799201
2    98.2018 0.4995 0.4995 0.799201
3    0.799201 0.4995 97.9021 0.799201
4    0.799201 0.4995 0.4995 98.2018
5    0.799201 92.4076 5.99401 0.799201
6    92.7073 0.4995 0.4995 6.29371
XX
CC  residue_type: 
CC  program: transfac
CC  matrix.nb: 621
CC  accession: BAS1
CC  AC: BAS1
CC  id: BAS1
CC  name: BAS1
CC  version: 
CC  name: BAS1
CC  description: gagtca
CC  transfac_consensus: 
CC  matrix.nb: 621
XX
//
AC  CAD1
XX
ID  CAD1
XX
DE  gmttaytaat
P0       A     C     G     T
1    4.43936     0 95.5606     0
2    36.0434 63.9566     0     0
3        0     0     0   100
4        0     0 9.56804 90.432
5      100     0     0     0
6        0 64.2387 9.3462 26.4151
7    7.96665     0 4.53914 87.4942
8      100     0     0     0
9    95.5748     0     0 4.42518
10       0 4.34783 4.43656 91.2156
XX
CC  residue_type: 
CC  program: transfac
CC  matrix.nb: 281
CC  accession: CAD1
CC  AC: CAD1
CC  id: CAD1
CC  name: CAD1
CC  version: 
CC  name: CAD1
CC  description: gmttaytaat
CC  transfac_consensus: 
CC  matrix.nb: 281
XX
//
AC  CAD1
XX
ID  CAD1
XX
DE  ttacrtaa
P0       A     C     G     T
1    0.0986522 0.0986522 1.15052 98.6522
2    0.080802 9.52722 9.58998 80.802
3    94.051 5.76091 0.094051 0.094051
4    0.0874826 87.4826 0.0874826 12.3425
5    27.4485 23.7605 46.7047 2.0863
6    0.0997009 0.0997009 0.0997009 99.7009
7    99.0374 0.764524 0.0990374 0.0990374
8    87.9757 0.0879757 10.0842 1.85206
XX
CC  residue_type: 
CC  program: transfac
CC  matrix.nb: 534
CC  accession: CAD1
CC  AC: CAD1
CC  id: CAD1
CC  name: CAD1
CC  version: 
CC  name: CAD1
CC  description: ttacrtaa
CC  transfac_consensus: 
CC  matrix.nb: 534
XX
//
AC  CAD1
XX
ID  CAD1
XX
DE  gmttactaat
P0       A     C     G     T
1    11.3396 0.0115339 77.7637 10.8852
2    30.2505 58.4698 2.65851 8.6212
3    2.66645 1.7662 0.891714 94.6756
4    4.40719 0.0126966 22.325 73.2551
5    88.153 5.61649 0.0104502 6.2201
6    5.3222 73.0471 7.76914 13.8616
7    11.268 0.014347 4.72689 83.9908
8    94.0023 2.98216 0.00998069 3.00554
9    96.4321 0.890799 0.0133981 2.66372
10   1.78165 5.97919 4.85998 87.3792
XX
CC  residue_type: 
CC  program: transfac
CC  matrix.nb: 535
CC  accession: CAD1
CC  AC: CAD1
CC  id: CAD1
CC  name: CAD1
CC  version: 
CC  name: CAD1
CC  description: gmttactaat
CC  transfac_consensus: 
CC  matrix.nb: 535
XX
//
AC  CAR1
XX
ID  CAR1
XX
DE  bbyytyggcggctavtv
P0       A     C     G     T
1    7.14286 28.5714 35.7143 28.5714
2    7.14286 35.7143 28.5714 28.5714
3        0 46.6667 13.3333    40
4    6.66667 33.3333    20    40
5    6.66667 13.3333 13.3333 66.6667
6    6.66667 46.6667 13.3333 33.3333
7        0 13.3333 86.6667     0
8        0 6.66667 93.3333     0
9    6.66667    80     0 13.3333
10       0     0   100     0
11       0     0   100     0
12       0 86.6667     0 13.3333
13   6.66667     0     0 93.3333
14      80 13.3333     0 6.66667
15   26.6667 26.6667 33.3333 13.3333
16      25 16.6667 16.6667 41.6667
17   33.3333    25    25 16.6667
XX
CC  residue_type: 
CC  program: transfac
CC  matrix.nb: 467
CC  accession: CAR1
CC  AC: CAR1
CC  id: CAR1
CC  name: CAR1
CC  version: 
CC  name: CAR1
CC  description: bbyytyggcggctavtv
CC  transfac_consensus: 
CC  matrix.nb: 467
XX
//
AC  CAT8
XX
ID  CAT8
XX
DE  twywtccgra
P0       A     C     G     T
1    19.2549 23.518 23.518 33.7091
2    27.727 20.5407 16.4843 35.248
3    17.9663 29.9191 24.4957 27.6188
4    29.9683 19.8885 22.201 27.9422
5    10.8949 20.0513 22.6077 46.4461
6    3.37572 95.2597 0.938575 0.425967
7    0.0026118 84.1233 15.836 0.0380933
8    0.71022 0.0121287 98.2798 0.997821
9    28.6327 13.3906 36.7651 21.2116
10   38.7804 16.2471 24.7274 20.2451
XX
CC  residue_type: 
CC  program: transfac
CC  matrix.nb: 189
CC  accession: CAT8
CC  AC: CAT8
CC  id: CAT8
CC  name: CAT8
CC  version: 
CC  name: CAT8
CC  description: twywtccgra
CC  transfac_consensus: 
CC  matrix.nb: 189
XX
//
AC  CAT8
XX
ID  CAT8
XX
DE  ywywtccgrr
P0       A     C     G     T
1    19.3905 25.6562 22.9837 31.9696
2    26.2957 21.7455 18.5303 33.4284
3    18.8628 27.0367 24.2204 29.8801
4    28.6552 16.3681 23.9348 31.0418
5    10.538 17.7253 22.087 49.6496
6    3.88755 94.4224 0.587299 1.10272
7    0.00252616 88.1416 11.81 0.0459108
8    2.70955 0.0342792 97.2013 0.0548466
9    31.4822 13.5912 34.4471 20.4795
10   34.2729 15.2466 28.6271 21.8534
XX
CC  residue_type: 
CC  program: transfac
CC  matrix.nb: 190
CC  accession: CAT8
CC  AC: CAT8
CC  id: CAT8
CC  name: CAT8
CC  version: 
CC  name: CAT8
CC  description: ywywtccgrr
CC  transfac_consensus: 
CC  matrix.nb: 190
XX
//
AC  CAT8
XX
ID  CAT8
XX
DE  twywtccgrr
P0       A     C     G     T
1    21.183 23.8838 23.6462 31.287
2    28.6261 21.2067 17.8914 32.2758
3    19.778 28.0664 24.645 27.5106
4    29.7925 18.9965 21.4185 29.7925
5    12.0806 21.5764 22.4569 43.8861
6    3.00238 94.5762 1.68103 0.740378
7    0.0281954 84.8941 15.0504 0.0273621
8    3.08699 2.40415 93.4286 1.08026
9    29.5063 13.6618 36.0391 20.7928
10   35.0231 18.4674 25.6876 20.8219
XX
CC  residue_type: 
CC  program: transfac
CC  matrix.nb: 191
