AC  ABF1
XX
ID  ABF1
XX
DE  ttatcact
P0       A     C     G     T
1    0.00961538 0.00961538 0.00961538 0.971154
2    0.00961538 0.00961538 0.00961538 0.971154
3    0.971154 0.00961538 0.00961538 0.00961538
4    0.00961538 0.00961538 0.00961538 0.971154
5    0.00961538 0.971154 0.00961538 0.00961538
6    0.971154 0.00961538 0.00961538 0.00961538
7    0.00961538 0.971154 0.00961538 0.00961538
8    0.00961538 0.00961538 0.00961538 0.971154
XX
CC  program: cis-bp
CC  matrix.nb: 1
CC  accession: ABF1
CC  AC: ABF1
CC  id: ABF1
CC  name: ABF1
CC  version: 
CC  matrix.nb: 1
CC  consensus.strict: ttatcact
CC  consensus.strict.rc: AGTGATAA
CC  consensus.IUPAC: ttatcact
CC  consensus.IUPAC.rc: AGTGATAA
CC  consensus.regexp: ttatcact
CC  consensus.regexp.rc: AGTGATAA
XX
//
AC  AFT1
XX
ID  AFT1
XX
DE  attgcacccsg
P0       A     C     G     T
1    0.321949 0.226017 0.226017 0.226017
2    0.191661 0.0997046 0.191166 0.517468
3    0.02258 0.111111 0.02258 0.843729
4    0.000167177 0.0876415 0.822336 0.0898555
5    0.000167177 0.999498 0.000167177 0.000167177
6    0.822336 0.17733 0.000167177 0.000167177
7    0.000167177 0.999498 0.000167177 0.000167177
8    0.000167177 0.999498 0.000167177 0.000167177
9    0.0241501 0.92755 0.0241501 0.0241501
10   0.150463 0.256746 0.442329 0.150463
11   0.227587 0.227587 0.317238 0.227587
XX
CC  program: cis-bp
CC  matrix.nb: 1
CC  accession: AFT1
CC  AC: AFT1
CC  id: AFT1
CC  name: AFT1
CC  version: 
CC  matrix.nb: 1
CC  consensus.strict: attgcacccgg
CC  consensus.strict.rc: CCGGGTGCAAT
CC  consensus.IUPAC: attgcacccsg
CC  consensus.IUPAC.rc: CSGGGTGCAAT
CC  consensus.regexp: attgcaccc[cg]g
CC  consensus.regexp.rc: C[CG]GGGTGCAAT
XX
//
AC  AFT2
XX
ID  AFT2
XX
DE  whyrcaccyy
P0       A     C     G     T
1    0.297121 0.199166 0.191357 0.312355
2    0.258788 0.253663 0.201544 0.286005
3    0.206317 0.281298 0.242116 0.270268
4    0.379793 0.160714 0.314073 0.14542
5    0.0674466 0.863795 0.0282568 0.0405014
6    0.849665 0.0467513 0.0904541 0.0131292
7    0.0329925 0.949827 0.00046593 0.0167146
8    0.154413 0.788102 0.017455 0.04003
9    0.105126 0.635977 0.00544753 0.253449
10   0.198322 0.320502 0.221382 0.259794
XX
CC  program: cis-bp
CC  matrix.nb: 1
CC  accession: AFT2
CC  AC: AFT2
CC  id: AFT2
CC  name: AFT2
CC  version: 
CC  matrix.nb: 1
CC  consensus.strict: ttcacacccc
CC  consensus.strict.rc: GGGGTGTGAA
CC  consensus.IUPAC: whyrcaccyy
CC  consensus.IUPAC.rc: RRGGTGYRDW
CC  consensus.regexp: [at][act][ct][ag]cacc[ct][ct]
CC  consensus.regexp.rc: [AG][AG]GGTG[CT][AG][AGT][AT]
XX
//
AC  MBP1
XX
ID  MBP1
XX
DE  yacgcgty
P0       A     C     G     T
1    0.233581 0.270067 0.0292615 0.46709
2    0.60444 0.0226502 0.158213 0.214697
3    4.73844e-05 0.995119 0.00478582     0
4    0.0283437 4.71609e-05 0.971562     0
5    4.71609e-05 0.919685 4.71609e-05 0.0802207
6    4.71609e-05 0.00476325 0.995142     0
7    0.131456 0.108604 5.71298e-05 0.759883
8    0.0159473 0.563393 0.166693 0.253967
XX
CC  program: cis-bp
CC  matrix.nb: 1
CC  accession: MBP1
CC  AC: MBP1
CC  id: MBP1
CC  name: MBP1
CC  version: 
CC  matrix.nb: 1
CC  consensus.strict: tacgcgtc
CC  consensus.strict.rc: GACGCGTA
CC  consensus.IUPAC: yacgcgty
CC  consensus.IUPAC.rc: RACGCGTR
CC  consensus.regexp: [ct]acgcgt[ct]
CC  consensus.regexp.rc: [AG]ACGCGT[AG]
XX
//
AC  MBP1
XX
ID  MBP1
XX
DE  acgcgwhwyw
P0       A     C     G     T
1    0.48245 0.108731 0.194198 0.214622
2    0.000184945 0.984668 0.0132276 0.00191996
3    0.125748 0.0157097 0.85772 0.000822241
4    0.0276943 0.714245 0.015506 0.242554
5    0.0415015 0.116248 0.808944 0.0333057
6    0.263515 0.128267 0.123237 0.484981
7    0.275831 0.30484 0.126442 0.292887
8    0.343869 0.217079 0.186842 0.25221
9    0.239239 0.28075 0.220846 0.259165
10   0.253438 0.233953 0.2435 0.269109
XX
CC  program: cis-bp
CC  matrix.nb: 1
CC  accession: MBP1
CC  AC: MBP1
CC  id: MBP1
CC  name: MBP1
CC  version: 
CC  matrix.nb: 1
CC  consensus.strict: acgcgtcact
CC  consensus.strict.rc: AGTGACGCGT
CC  consensus.IUPAC: acgcgwhwyw
CC  consensus.IUPAC.rc: WRWDWCGCGT
CC  consensus.regexp: acgcg[at][act][at][ct][at]
CC  consensus.regexp.rc: [AT][AG][AT][AGT][AT]CGCGT
XX
//
AC  SWI4
XX
ID  SWI4
XX
DE  racgcgaa
P0       A     C     G     T
1    0.349967 0.10005 0.449933 0.10005
2    0.783819 0.0370896 0.0556036 0.123488
3    5.23451e-05 0.999843 5.23451e-05     0
4    0.0573318 5.20725e-05 0.942564     0
5    0.00525932 0.994637 5.20725e-05     0
6    0.00525932 0.0260883 0.9686     0
7    0.651509 0.129063 0.0452141 0.174213
8    0.546119 0.0924899 0.117692 0.2437
XX
CC  program: cis-bp
CC  matrix.nb: 1
CC  accession: SWI4
CC  AC: SWI4
CC  id: SWI4
CC  name: SWI4
CC  version: 
CC  matrix.nb: 1
CC  consensus.strict: gacgcgaa
CC  consensus.strict.rc: TTCGCGTC
CC  consensus.IUPAC: racgcgaa
CC  consensus.IUPAC.rc: TTCGCGTY
CC  consensus.regexp: [ag]acgcgaa
CC  consensus.regexp.rc: TTCGCGT[CT]
XX
//
AC  XBP1
XX
ID  XBP1
XX
DE  kctcgarg
P0       A     C     G     T
1    0.139169 0.130476 0.278251 0.452104
2    0.0130486 0.818034 0.0260322 0.142885
3    4.97413e-05 4.97413e-05 4.97413e-05 0.999851
4    4.97413e-05 0.999851 4.97413e-05     0
5    4.97413e-05 4.97413e-05 0.999851     0
6    0.999851 4.97413e-05 4.97413e-05     0
7    0.626487 0.0570109 0.278474 0.0380283
8    0.142891 0.230165 0.476119 0.150825
XX
CC  program: cis-bp
CC  matrix.nb: 1
CC  accession: XBP1
CC  AC: XBP1
CC  id: XBP1
CC  name: XBP1
CC  version: 
CC  matrix.nb: 1
CC  consensus.strict: tctcgaag
CC  consensus.strict.rc: CTTCGAGA
CC  consensus.IUPAC: kctcgarg
CC  consensus.IUPAC.rc: CYTCGAGM
CC  consensus.regexp: [gt]ctcga[ag]g
CC  consensus.regexp.rc: C[CT]TCGAG[AC]
XX
//
AC  XBP1
XX
ID  XBP1
XX
DE  tcgarrr
P0       A     C     G     T
1    0.095643 0.198467 0.0790929 0.626797
2    0.0637124 0.760807 0.0877402 0.0877402
3    0.120601 0.0238668 0.847667 0.00786551
4    0.739727 0.0251858 0.160177 0.0749096
5    0.409131 0.0669559 0.438796 0.0851176
6    0.271663 0.233823 0.297247 0.197268
7    0.284062 0.216847 0.25703 0.242061
XX
CC  program: cis-bp
CC  matrix.nb: 1
CC  accession: XBP1
CC  AC: XBP1
CC  id: XBP1
CC  name: XBP1
CC  version: 
CC  matrix.nb: 1
CC  consensus.strict: tcgagga
CC  consensus.strict.rc: TCCTCGA
CC  consensus.IUPAC: tcgarrr
CC  consensus.IUPAC.rc: YYYTCGA
CC  consensus.regexp: tcga[ag][ag][ag]
CC  consensus.regexp.rc: [CT][CT][CT]TCGA
XX
//
AC  PHD1
XX
ID  PHD1
XX
DE  gmtgcakg
P0       A     C     G     T
1    0.000586854 0.117958 0.880869 0.000586854
2    0.368172 0.578256 0.0530462 0.00052521
3    0.000475285 0.000475285 0.000475285 0.998574
4    0.000475285 0.000475285 0.998574 0.000475285
5    0.000475285 0.998574 0.000475285 0.000475285
6    0.998574 0.000475285 0.000475285 0.000475285
7    0.0530462 0.0530462 0.630777 0.26313
8    0.000766871 0.154141 0.844325 0.000766871
XX
CC  program: cis-bp
CC  matrix.nb: 1
CC  accession: PHD1
CC  AC: PHD1
CC  id: PHD1
CC  name: PHD1
CC  version: 
CC  matrix.nb: 1
CC  consensus.strict: gctgcagg
CC  consensus.strict.rc: CCTGCAGC
CC  consensus.IUPAC: gmtgcakg
CC  consensus.IUPAC.rc: CMTGCAKC
CC  consensus.regexp: g[ac]tgca[gt]g
CC  consensus.regexp.rc: C[AC]TGCA[GT]C
XX
//
AC  PHD1
XX
ID  PHD1
XX
DE  wgmtgcasg
P0       A     C     G     T
1    0.320147 0.146757 0.157399 0.375696
2    0.101234 0.168583 0.511542 0.218641
3    0.684421 0.295472 0.0190787 0.00102898
4    0.0441257 0.0607667 0.00882017 0.886288
5    0.00040006 0.00340028 0.996111     0
6    0.000919564 0.940249 0.000499646 0.0583317
7    0.864471 0.0111576 0.122992 0.00138005
8    0.146186 0.306397 0.306397 0.24102
9    0.178872 0.19377 0.471854 0.155504
XX
CC  program: cis-bp
CC  matrix.nb: 1
CC  accession: PHD1
CC  AC: PHD1
CC  id: PHD1
CC  name: PHD1
CC  version: 
CC  matrix.nb: 1
CC  consensus.strict: tgatgcacg
CC  consensus.strict.rc: CGTGCATCA
CC  consensus.IUPAC: wgmtgcasg
CC  consensus.IUPAC.rc: CSTGCAKCW
CC  consensus.regexp: [at]g[ac]tgca[cg]g
CC  consensus.regexp.rc: C[CG]TGCA[GT]C[AT]
XX
//
AC  SOK2
XX
ID  SOK2
XX
DE  tkcmtgcakgt
P0       A     C     G     T
1    0.225027 0.225027 0.225027 0.32492
2    0.180909 0.180909 0.367512 0.270669
3    0.0753401 0.68388 0.0753401 0.16544
4    0.40712 0.592518 0.000181107 0.000181107
5    0.000181107 0.000181107 0.000181107 0.999457
6    0.000181107 0.000181107 0.999457 0.000181107
7    0.000181107 0.999457 0.000181107 0.000181107
8    0.999457 0.000181107 0.000181107 0.000181107
9    0.0251544 0.0251544 0.621172 0.328519
10   0.0692716 0.159432 0.702024 0.0692716
11   0.174841 0.174841 0.174841 0.475477
XX
CC  program: cis-bp
CC  matrix.nb: 1
CC  accession: SOK2
CC  AC: SOK2
CC  id: SOK2
CC  name: SOK2
CC  version: 
CC  matrix.nb: 1
CC  consensus.strict: tgcctgcaggt
CC  consensus.strict.rc: ACCTGCAGGCA
CC  consensus.IUPAC: tkcmtgcakgt
CC  consensus.IUPAC.rc: ACMTGCAKGMA
CC  consensus.regexp: t[gt]c[ac]tgca[gt]gt
CC  consensus.regexp.rc: AC[AC]TGCA[GT]G[AC]A
XX
//
AC  ORC2
XX
ID  ORC2
XX
DE  rcawwwwar
P0       A     C     G     T
1    0.374501 0.137771 0.378264 0.109464
2    0.226206 0.276289 0.249996 0.247509
3    0.606765 0.0567208 0.230014 0.1065
4    0.428552 0.111098 0.20042 0.25993
5    0.47592 0.0467704 0.20546 0.27185
6    0.400042 0.0996406 0.159424 0.340893
7    0.337415 0.202616 0.115736 0.344232
8    0.546503 0.0724966 0.224425 0.156576
9    0.462607 0.0407264 0.319538 0.177129
XX
CC  program: cis-bp
CC  matrix.nb: 1
CC  accession: ORC2
CC  AC: ORC2
CC  id: ORC2
CC  name: ORC2
CC  version: 
CC  matrix.nb: 1
CC  consensus.strict: gcaaaataa
CC  consensus.strict.rc: TTATTTTGC
CC  consensus.IUPAC: rcawwwwar
CC  consensus.IUPAC.rc: YTWWWWTGY
CC  consensus.regexp: [ag]ca[at][at][at][at]a[ag]
CC  consensus.regexp.rc: [CT]T[AT][AT][AT][AT]TG[CT]
XX
//
AC  ORC2
XX
ID  ORC2
XX
DE  garkmmwwww
P0       A     C     G     T
1    0.16758 0.105791 0.590791 0.135838
2    0.566353 0.167205 0.116655 0.149788
3    0.278495 0.142508 0.403187 0.175809
4    0.198637 0.137205 0.396026 0.268132
5    0.277415 0.413854 0.0861004 0.222631
6    0.361836 0.296246 0.141343 0.200575
7    0.477449 0.0412008 0.216688 0.264663
8    0.560915 0.0153263 0.0766745 0.347085
9    0.651345 0.00215769 0.038824 0.307673
10   0.712595 0.0293389 0.00366531 0.254401
XX
CC  program: cis-bp
CC  matrix.nb: 1
CC  accession: ORC2
CC  AC: ORC2
CC  id: ORC2
CC  name: ORC2
CC  version: 
CC  matrix.nb: 1
CC  consensus.strict: gaggcaaaaa
CC  consensus.strict.rc: TTTTTGCCTC
CC  consensus.IUPAC: garkmmwwww
CC  consensus.IUPAC.rc: WWWWKKMYTC
CC  consensus.regexp: ga[ag][gt][ac][ac][at][at][at][at]
CC  consensus.regexp.rc: [AT][AT][AT][AT][GT][GT][AC][CT]TC
XX
//
AC  ORC2
XX
ID  ORC2
XX
DE  mkrawarh
P0       A     C     G     T
1    0.377279 0.271235 0.194997 0.156489
2    0.2475 0.202636 0.270808 0.279056
3    0.343177 0.177371 0.251702 0.227749
4    0.340293 0.177648 0.244645 0.237414
5    0.346936 0.154337 0.214679 0.284048
6    0.576007 0.0333187 0.178773 0.211901
7    0.732846 1.29006e-06 0.266916 0.000236203
8    0.253553 0.258675 0.0612874 0.426484
XX
CC  program: cis-bp
CC  matrix.nb: 1
CC  accession: ORC2
CC  AC: ORC2
CC  id: ORC2
CC  name: ORC2
CC  version: 
CC  matrix.nb: 1
CC  consensus.strict: ataaaaat
CC  consensus.strict.rc: ATTTTTAT
CC  consensus.IUPAC: mkrawarh
CC  consensus.IUPAC.rc: DYTWTYMK
CC  consensus.regexp: [ac][gt][ag]a[at]a[ag][act]
CC  consensus.regexp.rc: [AGT][CT]T[AT]T[CT][AC][GT]
XX
//
AC  ORC2
XX
ID  ORC2
XX
DE  aaarwaww
P0       A     C     G     T
1    0.421032 0.213302 0.219798 0.145869
2    0.361549 0.210692 0.21281 0.214949
3    0.399952 0.129198 0.233071 0.237779
4    0.407012 0.0813567 0.264765 0.246866
5    0.287986 0.14301 0.130701 0.438304
6    0.780909 0.000177366 0.139834 0.0790798
7    0.562556 0.000620326 0.176353 0.260471
8    0.417051 0.0930567 0.112529 0.377363
XX
CC  program: cis-bp
CC  matrix.nb: 1
CC  accession: ORC2
CC  AC: ORC2
CC  id: ORC2
CC  name: ORC2
CC  version: 
CC  matrix.nb: 1
CC  consensus.strict: aaaataaa
CC  consensus.strict.rc: TTTATTTT
CC  consensus.IUPAC: aaarwaww
CC  consensus.IUPAC.rc: WWTWYTTT
CC  consensus.regexp: aaa[ag][at]a[at][at]
CC  consensus.regexp.rc: [AT][AT]T[AT][CT]TTT
XX
//
AC  ORC2
XX
ID  ORC2
XX
DE  wwawawat
P0       A     C     G     T
1    0.723485 0.000344353 0.000344353 0.275826
2    0.721698 0.000277469 0.000277469 0.277747
3    0.75621 0.000269978 0.000269978 0.243251
4    0.648218 0.000269978 0.000269978 0.351242
5    0.864201 0.000269978 0.000269978 0.135259
6    0.324244 0.000269978 0.000269978 0.675216
7    0.891199 0.000269978 0.000269978 0.108261
8    0.0627341 0.00031211 0.00031211 0.936642
XX
CC  program: cis-bp
CC  matrix.nb: 1
CC  accession: ORC2
CC  AC: ORC2
CC  id: ORC2
CC  name: ORC2
CC  version: 
CC  matrix.nb: 1
CC  consensus.strict: aaaaatat
CC  consensus.strict.rc: ATATTTTT
CC  consensus.IUPAC: wwawawat
CC  consensus.IUPAC.rc: ATWTWTWW
CC  consensus.regexp: [at][at]a[at]a[at]at
CC  consensus.regexp.rc: AT[AT]T[AT]T[AT][AT]
XX
//
AC  ORC2
XX
ID  ORC2
XX
DE  aaaawaaa
P0       A     C     G     T
1    0.990132 0.00328947 0.00328947 0.00328947
2    0.992574 0.00247525 0.00247525 0.00247525
3    0.992574 0.00247525 0.00247525 0.00247525
4    0.992574 0.00247525 0.00247525 0.00247525
5     0.25 0.00247525 0.00247525 0.74505
6    0.992574 0.00247525 0.00247525 0.00247525
7    0.992574 0.00247525 0.00247525 0.00247525
8    0.990132 0.00328947 0.00328947 0.00328947
XX
CC  program: cis-bp
CC  matrix.nb: 1
CC  accession: ORC2
CC  AC: ORC2
CC  id: ORC2
CC  name: ORC2
CC  version: 
CC  matrix.nb: 1
CC  consensus.strict: aaaataaa
CC  consensus.strict.rc: TTTATTTT
CC  consensus.IUPAC: aaaawaaa
CC  consensus.IUPAC.rc: TTTWTTTT
CC  consensus.regexp: aaaa[at]aaa
CC  consensus.regexp.rc: TTT[AT]TTTT
XX
//
AC  ORC2
XX
ID  ORC2
XX
DE  wwwhwwdwww
P0       A     C     G     T
1    0.314753 0.17358 0.119888 0.391779
2    0.398793 0.10259 0.146381 0.352236
3    0.377309 0.146069 0.181421 0.295201
4    0.269905 0.272333 0.0621234 0.395639
5    0.323521 0.171271 0.193764 0.311444
6    0.311444 0.193764 0.171271 0.323521
7    0.395639 0.0621234 0.272333 0.269905
8    0.295201 0.181421 0.146069 0.377309
9    0.352236 0.146381 0.10259 0.398793
10   0.391779 0.119888 0.17358 0.314753
XX
CC  program: cis-bp
CC  matrix.nb: 1
CC  accession: ORC2
CC  AC: ORC2
CC  id: ORC2
CC  name: ORC2
CC  version: 
CC  matrix.nb: 1
CC  consensus.strict: taatatatta
CC  consensus.strict.rc: TAATATATTA
CC  consensus.IUPAC: wwwhwwdwww
CC  consensus.IUPAC.rc: WWWHWWDWWW
CC  consensus.regexp: [at][at][at][act][at][at][agt][at][at][at]
CC  consensus.regexp.rc: [AT][AT][AT][ACT][AT][AT][AGT][AT][AT][AT]
XX
//
AC  ORC2
XX
ID  ORC2
XX
DE  raardwrw
P0       A     C     G     T
1    0.272331 0.232065 0.256472 0.239132
2    0.290589 0.228585 0.247623 0.233203
3    0.328743 0.205465 0.238717 0.227074
4    0.321069 0.190882 0.252562 0.235487
5    0.31252 0.159919 0.25587 0.271692
6    0.448771 0.140683 0.0943029 0.316243
7    0.716851 0.000111344 0.282836 0.000200863
8    0.337735 0.159535 0.0902208 0.41251
XX
CC  program: cis-bp
CC  matrix.nb: 1
CC  accession: ORC2
CC  AC: ORC2
CC  id: ORC2
CC  name: ORC2
CC  version: 
CC  matrix.nb: 1
CC  consensus.strict: aaaaaaat
CC  consensus.strict.rc: ATTTTTTT
CC  consensus.IUPAC: raardwrw
CC  consensus.IUPAC.rc: WYWHYTTY
CC  consensus.regexp: [ag]aa[ag][agt][at][ag][at]
CC  consensus.regexp.rc: [AT][CT][AT][ACT][CT]TT[CT]
XX
//
AC  ORC2
XX
ID  ORC2
XX
DE  yrhwwwwdyr
P0       A     C     G     T
1    0.215163 0.323274 0.194792 0.266771
2    0.289484 0.100082 0.393882 0.216552
3    0.286614 0.288427 0.170297 0.254662
4    0.404746 0.159463 0.16726 0.268531
5    0.42052 0.151365 0.157426 0.270689
6    0.270689 0.157426 0.151365 0.42052
7    0.268531 0.16726 0.159463 0.404746
8    0.254662 0.170297 0.288427 0.286614
9    0.216552 0.393882 0.100082 0.289484
10   0.266771 0.194792 0.323274 0.215163
XX
CC  program: cis-bp
CC  matrix.nb: 1
CC  accession: ORC2
CC  AC: ORC2
CC  id: ORC2
CC  name: ORC2
CC  version: 
CC  matrix.nb: 1
CC  consensus.strict: cgcaattgcg
CC  consensus.strict.rc: CGCAATTGCG
CC  consensus.IUPAC: yrhwwwwdyr
CC  consensus.IUPAC.rc: YRHWWWWDYR
CC  consensus.regexp: [ct][ag][act][at][at][at][at][agt][ct][ag]
CC  consensus.regexp.rc: [CT][AG][ACT][AT][AT][AT][AT][AGT][CT][AG]
XX
//
AC  ORC2
XX
ID  ORC2
XX
DE  aaawaaat
P0       A     C     G     T
1     0.75 0.0833333 0.0833333 0.0833333
2      0.8 0.0666667 0.0666667 0.0666667
3    0.733333 0.0666667 0.0666667 0.133333
4    0.266667 0.0666667 0.0666667   0.6
5    0.733333 0.0666667 0.0666667 0.133333
6    0.666667 0.0666667 0.0666667   0.2
7    0.692308 0.0769231 0.0769231 0.153846
8    0.166667 0.0833333 0.0833333 0.666667
XX
CC  program: cis-bp
CC  matrix.nb: 1
CC  accession: ORC2
CC  AC: ORC2
CC  id: ORC2
CC  name: ORC2
CC  version: 
CC  matrix.nb: 1
CC  consensus.strict: aaataaat
CC  consensus.strict.rc: ATTTATTT
CC  consensus.IUPAC: aaawaaat
CC  consensus.IUPAC.rc: ATTTWTTT
CC  consensus.regexp: aaa[at]aaat
CC  consensus.regexp.rc: ATTT[AT]TTT
XX
//
AC  ORC2
XX
ID  ORC2
XX
DE  araatatwaatt
P0       A     C     G     T
1    0.319241 0.22692 0.22692 0.22692
2    0.295675 0.203353 0.297619 0.203353
3    0.447891 0.153263 0.153263 0.245584
4    0.759501 0.0801664 0.0801664 0.0801664
5    0.234882 0.000164217 0.000164217 0.76479
6    0.819787 0.000164217 0.000164217 0.179884
7    0.0961328 0.000164217 0.09945 0.804253
8    0.407905 0.000164217 0.000164217 0.591766
9    0.836001 0.11751 0.0232446 0.0232446
10   0.859567 0.046811 0.046811 0.046811
11   0.0969017 0.0969017 0.0969017 0.709295
12   0.169998 0.169998 0.169998 0.490007
XX
CC  program: cis-bp
CC  matrix.nb: 1
CC  accession: ORC2
CC  AC: ORC2
CC  id: ORC2
CC  name: ORC2
CC  version: 
CC  matrix.nb: 1
CC  consensus.strict: agaatattaatt
CC  consensus.strict.rc: AATTAATATTCT
CC  consensus.IUPAC: araatatwaatt
CC  consensus.IUPAC.rc: AATTWATATTYT
CC  consensus.regexp: a[ag]aatat[at]aatt
CC  consensus.regexp.rc: AATT[AT]ATATT[CT]T
XX
//
AC  ORC2
XX
ID  ORC2
XX
DE  wwawwwaww
P0       A     C     G     T
1    0.353239 0.184407 0.20585 0.256504
2    0.291909 0.20986 0.178831 0.319399
3    0.479754 0.153435 0.207115 0.159696
4    0.353839 0.157408 0.196143 0.29261
5    0.432302 0.0707479 0.192313 0.304638
6    0.389749 0.100033 0.061899 0.448318
7    0.862322 0.000496401 0.0847435 0.0524379
8    0.519591 0.0338873 0.0876228 0.358899
9    0.365816 0.0929563 0.0808123 0.460416
XX
CC  program: cis-bp
CC  matrix.nb: 1
CC  accession: ORC2
CC  AC: ORC2
CC  id: ORC2
CC  name: ORC2
CC  version: 
CC  matrix.nb: 1
CC  consensus.strict: ataaataat
CC  consensus.strict.rc: ATTATTTAT
CC  consensus.IUPAC: wwawwwaww
CC  consensus.IUPAC.rc: WWTWWWTWW
CC  consensus.regexp: [at][at]a[at][at][at]a[at][at]
CC  consensus.regexp.rc: [AT][AT]T[AT][AT][AT]T[AT][AT]
XX
//
AC  SUM1
XX
ID  SUM1
XX
DE  awwaaww
P0       A     C     G     T
1    0.282959 0.248465 0.245993 0.222583
2    0.316659 0.184532 0.236944 0.261864
3    0.377778 0.112652 0.209413 0.300157
4    0.616393 0.0689847 0.111484 0.203138
5    0.675764 0.0427703 0.0631709 0.218294
6    0.326032 0.133887 0.0820227 0.458058
7    0.321153 0.137266 0.112384 0.429198
XX
CC  program: cis-bp
CC  matrix.nb: 1
CC  accession: SUM1
CC  AC: SUM1
CC  id: SUM1
CC  name: SUM1
CC  version: 
CC  matrix.nb: 1
CC  consensus.strict: aaaaatt
CC  consensus.strict.rc: AATTTTT
CC  consensus.IUPAC: awwaaww
CC  consensus.IUPAC.rc: WWTTWWT
CC  consensus.regexp: a[at][at]aa[at][at]
CC  consensus.regexp.rc: [AT][AT]TT[AT][AT]T
XX
//
AC  SUM1
XX
ID  SUM1
XX
DE  wawwwaww
P0       A     C     G     T
1    0.340141 0.177569 0.214725 0.267564
2    0.402816 0.188384 0.227803 0.180997
3    0.399077 0.146812 0.202179 0.251931
4    0.332385 0.105245 0.168392 0.393978
5    0.556169 0.000482426 0.102624 0.340724
6    0.801022 0.000213501 0.0108687 0.187896
7    0.516361 0.000220205 0.00196758 0.481452
8    0.29702 0.074724 0.0649619 0.563294
XX
CC  program: cis-bp
CC  matrix.nb: 1
CC  accession: SUM1
CC  AC: SUM1
CC  id: SUM1
CC  name: SUM1
CC  version: 
CC  matrix.nb: 1
CC  consensus.strict: aaataaat
CC  consensus.strict.rc: ATTTATTT
CC  consensus.IUPAC: wawwwaww
CC  consensus.IUPAC.rc: WWTWWWTW
CC  consensus.regexp: [at]a[at][at][at]a[at][at]
CC  consensus.regexp.rc: [AT][AT]T[AT][AT][AT]T[AT]
XX
//
AC  ORC2
XX
ID  ORC2
XX
DE  mdrawart
P0       A     C     G     T
1    0.318198 0.263137 0.21979 0.198875
2    0.256386 0.20168 0.264194 0.27774
3    0.322138 0.195387 0.250882 0.231593
4    0.330083 0.190441 0.234943 0.244532
5    0.353662 0.155764 0.212373 0.278201
6    0.54031 0.0723955 0.156357 0.230937
7    0.708523 9.76059e-05 0.290959 0.000420287
8    0.216909 0.228031 0.100432 0.454628
XX
CC  program: cis-bp
CC  matrix.nb: 1
CC  accession: ORC2
CC  AC: ORC2
CC  id: ORC2
CC  name: ORC2
CC  version: 
CC  matrix.nb: 1
CC  consensus.strict: ataaaaat
CC  consensus.strict.rc: ATTTTTAT
CC  consensus.IUPAC: mdrawart
CC  consensus.IUPAC.rc: AYTWTYHK
CC  consensus.regexp: [ac][agt][ag]a[at]a[ag]t
CC  consensus.regexp.rc: A[CT]T[AT]T[CT][ACT][GT]
XX
//
AC  ORC2
XX
ID  ORC2
XX
DE  aaawtaat
P0       A     C     G     T
1    0.839058 0.000399361 0.120208 0.0403355
2    0.88161 0.000293772 0.000293772 0.117803
3    0.832686 0.000277469 0.000277469 0.166759
4    0.693951 0.000277469 0.000277469 0.305494
5    0.166759 0.000277469 0.000277469 0.832686
6    0.832686 0.000277469 0.000277469 0.166759
7    0.764101 0.029671 0.000293772 0.205934
8    0.185281 0.0373521 0.000369822 0.776997
XX
CC  program: cis-bp
CC  matrix.nb: 1
CC  accession: ORC2
CC  AC: ORC2
CC  id: ORC2
CC  name: ORC2
CC  version: 
CC  matrix.nb: 1
CC  consensus.strict: aaaataat
CC  consensus.strict.rc: ATTATTTT
CC  consensus.IUPAC: aaawtaat
CC  consensus.IUPAC.rc: ATTAWTTT
CC  consensus.regexp: aaa[at]taat
CC  consensus.regexp.rc: ATTA[AT]TTT
XX
//
AC  RTG3
XX
ID  RTG3
XX
DE  akcacgtgaytt
P0       A     C     G     T
1    0.324652 0.225116 0.225116 0.225116
2    0.0976761 0.0976761 0.532933 0.271715
3    0.0964012 0.76516 0.119132 0.019307
4    0.6878 0.0966662 0.119132 0.0964012
5    0.000162181 0.823109 0.0999874 0.0767415
6    0.0772564 0.0775214 0.768481 0.0767415
7    0.0999874 0.0775214 0.000162181 0.822329
8    0.0775214 0.000162181 0.922154 0.000162181
9    0.787419 0.162488 0.0250462 0.0250462
10   0.229065 0.293041 0.152486 0.325408
11   0.230855 0.230855 0.230855 0.307434
12   0.230855 0.230855 0.230855 0.307434
XX
CC  program: cis-bp
CC  matrix.nb: 1
CC  accession: RTG3
CC  AC: RTG3
CC  id: RTG3
CC  name: RTG3
CC  version: 
CC  matrix.nb: 1
CC  consensus.strict: agcacgtgattt
CC  consensus.strict.rc: AAATCACGTGCT
CC  consensus.IUPAC: akcacgtgaytt
CC  consensus.IUPAC.rc: AARTCACGTGMT
CC  consensus.regexp: a[gt]cacgtga[ct]tt
CC  consensus.regexp.rc: AA[AG]TCACGTG[AC]T
XX
//
AC  PHO4
XX
ID  PHO4
XX
DE  vccacgtgch
P0       A     C     G     T
1    0.274529 0.27525 0.274073 0.176149
2    0.0740008 0.671519 0.180479 0.0740008
3    9.36488e-06 0.999972 9.36488e-06     0
4    0.999972 9.36488e-06 9.36488e-06     0
5    9.36488e-06 0.999972 9.36488e-06     0
6    9.36488e-06 9.36488e-06 0.999972     0
7    9.36488e-06 9.36488e-06 9.36488e-06 0.999972
8    9.36488e-06 9.36488e-06 0.999972     0
9    0.0738606 0.577172 0.177537 0.17143
10   0.272951 0.273391 0.176009 0.277649
XX
CC  program: cis-bp
CC  matrix.nb: 1
CC  accession: PHO4
CC  AC: PHO4
CC  id: PHO4
CC  name: PHO4
CC  version: 
CC  matrix.nb: 1
CC  consensus.strict: cccacgtgct
CC  consensus.strict.rc: AGCACGTGGG
CC  consensus.IUPAC: vccacgtgch
CC  consensus.IUPAC.rc: DGCACGTGGB
CC  consensus.regexp: [acg]ccacgtgc[act]
CC  consensus.regexp.rc: [AGT]GCACGTGG[CGT]
XX
//
AC  PHO4
XX
ID  PHO4
XX
DE  rvscacgtg
P0       A     C     G     T
1    0.27248 0.236883 0.269769 0.220868
2    0.2837 0.261888 0.275316 0.179095
3    0.193493 0.32546 0.389647 0.0913996
4    0.11605 0.883613 4.05192e-05 0.000296419
5    0.883751 0.0453393 0.0306973 0.0402124
6    0.000681756 0.877359 0.00202773 0.119931
7    0.0845487 0.0192465 0.895451 0.000753767
8    0.153371 0.171205 0.107003 0.56842
9    0.0916467 0.075034 0.618898 0.214421
XX
CC  program: cis-bp
CC  matrix.nb: 1
CC  accession: PHO4
CC  AC: PHO4
CC  id: PHO4
CC  name: PHO4
CC  version: 
CC  matrix.nb: 1
CC  consensus.strict: aagcacgtg
CC  consensus.strict.rc: CACGTGCTT
CC  consensus.IUPAC: rvscacgtg
CC  consensus.IUPAC.rc: CACGTGSBY
CC  consensus.regexp: [ag][acg][cg]cacgtg
CC  consensus.regexp.rc: CACGTG[CG][CGT][CT]
XX
//
AC  CBF1
XX
ID  CBF1
XX
DE  artcacgtgya
P0       A     C     G     T
1    0.310339 0.229887 0.229887 0.229887
2    0.269895 0.140964 0.448177 0.140964
3    0.0232644 0.0232644 0.118648 0.834823
4    0.0753231 0.766428 0.000203189 0.158045
5    0.841548 0.000203189 0.000203189 0.158045
6    0.000203189 0.766428 0.000203189 0.233165
7    0.0753231 0.000203189 0.924271 0.000203189
8    0.000203189 0.000203189 0.000203189 0.99939
9    0.0954359 0.020316 0.786541 0.0977069
10   0.207773 0.400191 0.109239 0.282796
11   0.319184 0.226939 0.226939 0.226939
XX
CC  program: cis-bp
CC  matrix.nb: 1
CC  accession: CBF1
CC  AC: CBF1
CC  id: CBF1
CC  name: CBF1
CC  version: 
CC  matrix.nb: 1
CC  consensus.strict: agtcacgtgca
CC  consensus.strict.rc: TGCACGTGACT
CC  consensus.IUPAC: artcacgtgya
CC  consensus.IUPAC.rc: TRCACGTGAYT
CC  consensus.regexp: a[ag]tcacgtg[ct]a
CC  consensus.regexp.rc: T[AG]CACGTGA[CT]T
XX
//
AC  CBF1
XX
ID  CBF1
XX
DE  rtcacgtg
P0       A     C     G     T
1    0.298246 0.0175439 0.666667 0.0175439
2    0.0246914 0.037037 0.0493827 0.888889
3        0     1     0     0
4    0.923077 0.0549451     0 0.021978
5        0 0.923077 0.032967 0.043956
6    0.0549451 0.021978 0.923077     0
7    0.0512821 0.115385 0.0641026 0.769231
8    0.015873 0.015873 0.888889 0.0793651
XX
CC  program: cis-bp
CC  matrix.nb: 1
CC  accession: CBF1
CC  AC: CBF1
CC  id: CBF1
CC  name: CBF1
CC  version: 
CC  matrix.nb: 1
CC  consensus.strict: gtcacgtg
CC  consensus.strict.rc: CACGTGAC
CC  consensus.IUPAC: rtcacgtg
CC  consensus.IUPAC.rc: CACGTGAY
CC  consensus.regexp: [ag]tcacgtg
CC  consensus.regexp.rc: CACGTGA[CT]
XX
//
AC  CBF1
XX
ID  CBF1
XX
DE  grtcacgtg
P0       A     C     G     T
1    0.204886 0.118209 0.514117 0.162788
2    0.308638 0.0211612 0.653387 0.0168133
3    0.0115494 0.0163893 0.0407164 0.931345
4    4.14899e-05 0.99994 1.57281e-05     0
5    0.999499 0.00029738 6.31182e-05 0.000140472
6    1.8432e-05 0.998577 0.000681357 0.00072349
7    0.00281383 0.00037327 0.996795     0
8    0.0019213 0.00135392 0.00146668 0.995258
9    0.000100885 0.000106058 0.998475 0.00131815
XX
CC  program: cis-bp
CC  matrix.nb: 1
CC  accession: CBF1
CC  AC: CBF1
CC  id: CBF1
CC  name: CBF1
CC  version: 
CC  matrix.nb: 1
CC  consensus.strict: ggtcacgtg
CC  consensus.strict.rc: CACGTGACC
CC  consensus.IUPAC: grtcacgtg
CC  consensus.IUPAC.rc: CACGTGAYC
CC  consensus.regexp: g[ag]tcacgtg
CC  consensus.regexp.rc: CACGTGA[CT]C
XX
//
AC  TYE7
XX
ID  TYE7
XX
DE  vtcacgtg
P0       A     C     G     T
1    0.497525  0.25  0.25 0.00247525
2    0.00142045 0.143466 0.00142045 0.853693
3    0.00142045 0.995739 0.00142045 0.00142045
4    0.995739 0.00142045 0.00142045 0.00142045
5    0.00142045 0.995739 0.00142045 0.00142045
6    0.00142045 0.00142045 0.995739 0.00142045
7    0.00142045 0.00142045 0.00142045 0.995739
8    0.00142045 0.00142045 0.995739 0.00142045
XX
CC  program: cis-bp
CC  matrix.nb: 1
CC  accession: TYE7
CC  AC: TYE7
CC  id: TYE7
CC  name: TYE7
CC  version: 
CC  matrix.nb: 1
CC  consensus.strict: atcacgtg
CC  consensus.strict.rc: CACGTGAT
CC  consensus.IUPAC: vtcacgtg
CC  consensus.IUPAC.rc: CACGTGAB
CC  consensus.regexp: [acg]tcacgtg
CC  consensus.regexp.rc: CACGTGA[CGT]
XX
//
AC  TYE7
XX
ID  TYE7
XX
DE  crtcacgtga
P0       A     C     G     T
1    0.157253 0.467714 0.195949 0.179084
2    0.567369 0.0823525 0.347585 0.00269395
3    0.127858 0.226087 0.0730338 0.573021
4    0.0291908 0.84038 0.0921902 0.0382389
5    0.793478 0.0204182 0.0613396 0.124764
6    0.017623 0.691737 0.204222 0.0864188
7    0.0975151 0.20644 0.678584 0.0174617
8    0.146656 0.139503 0.0432972 0.670544
9    0.092591 0.118889 0.719237 0.0692824
10   0.498056 0.122819 0.230606 0.148519
XX
CC  program: cis-bp
CC  matrix.nb: 1
CC  accession: TYE7
CC  AC: TYE7
CC  id: TYE7
CC  name: TYE7
CC  version: 
CC  matrix.nb: 1
CC  consensus.strict: catcacgtga
CC  consensus.strict.rc: TCACGTGATG
CC  consensus.IUPAC: crtcacgtga
CC  consensus.IUPAC.rc: TCACGTGAYG
CC  consensus.regexp: c[ag]tcacgtga
CC  consensus.regexp.rc: TCACGTGA[CT]G
XX
//
AC  YAP6_CIN5
XX
ID  YAP6_CIN5
XX
DE  gakkrggwray
P0       A     C     G     T
1    0.230941 0.230941 0.307177 0.230941
2    0.370531 0.209823 0.209823 0.209823
3    0.0441151 0.0441151 0.559057 0.352713
4    0.180302 0.00016822 0.510764 0.308766
5    0.476335 0.094344 0.429152 0.00016822
6    0.167738 0.153303 0.523328 0.155631
7    0.0861258 0.00016822 0.819362 0.094344
8    0.690898 0.00016822 0.00016822 0.308766
9    0.680965 0.0192273 0.28058 0.0192273
10   0.704298 0.0403454 0.120836 0.134521
11   0.206053 0.300229 0.206053 0.287665
XX
CC  program: cis-bp
CC  matrix.nb: 1
CC  accession: YAP6_CIN5
CC  AC: YAP6_CIN5
CC  id: YAP6_CIN5
CC  name: YAP6_CIN5
CC  version: 
CC  matrix.nb: 1
CC  consensus.strict: gaggaggaaac
CC  consensus.strict.rc: GTTTCCTCCTC
CC  consensus.IUPAC: gakkrggwray
CC  consensus.IUPAC.rc: RTYWCCYMMTC
CC  consensus.regexp: ga[gt][gt][ag]gg[at][ag]a[ct]
CC  consensus.regexp.rc: [AG]T[CT][AT]CC[CT][AC][AC]TC
XX
//
AC  GCN4
XX
ID  GCN4
XX
DE  krtgactcay
P0       A     C     G     T
1    0.211517 0.183884 0.282677 0.321921
2    0.431823 0.13269 0.350029 0.0854573
3    0.00368386 0.000103722 4.82736e-07 0.996212
4    0.00314571 0.0214567 0.850682 0.124716
5    0.98561 0.00487081 0.003265 0.00625425
6    0.0549199 0.630099 0.207655 0.107327
7    0.226603 0.0850465 0.213406 0.474945
8    0.232372 0.491932 0.127529 0.148167
9    0.469883 0.185394 0.183549 0.161174
10   0.230654 0.257474 0.200521 0.311351
XX
CC  program: cis-bp
CC  matrix.nb: 1
CC  accession: GCN4
CC  AC: GCN4
CC  id: GCN4
CC  name: GCN4
CC  version: 
CC  matrix.nb: 1
CC  consensus.strict: tatgactcat
CC  consensus.strict.rc: ATGAGTCATA
CC  consensus.IUPAC: krtgactcay
CC  consensus.IUPAC.rc: RTGAGTCAYM
CC  consensus.regexp: [gt][ag]tgactca[ct]
CC  consensus.regexp.rc: [AG]TGAGTCA[CT][AC]
XX
//
AC  HAC1
XX
ID  HAC1
XX
DE  agrmcacgtr
P0       A     C     G     T
1    0.353816 0.157398 0.244393 0.244393
2    0.211817 0.173421 0.378314 0.236447
3    0.282621 0.0496057 0.499749 0.168024
4    0.471319 0.430753 0.001814 0.096114
5    0.0952428 0.793481 0.0188484 0.0924279
6    0.926944 0.00999308 0.00725647 0.0558066
7    0.0807352 0.863657 0.0338242 0.021784
8    0.0989754 0.137672 0.695667 0.0676855
9    0.101851 0.136117 0.133421 0.628611
10   0.31865 0.182016 0.277021 0.222314
XX
CC  program: cis-bp
CC  matrix.nb: 1
CC  accession: HAC1
CC  AC: HAC1
CC  id: HAC1
CC  name: HAC1
CC  version: 
CC  matrix.nb: 1
CC  consensus.strict: aggacacgta
CC  consensus.strict.rc: TACGTGTCCT
CC  consensus.IUPAC: agrmcacgtr
CC  consensus.IUPAC.rc: YACGTGKYCT
CC  consensus.regexp: ag[ag][ac]cacgt[ag]
CC  consensus.regexp.rc: [CT]ACGTG[GT][CT]CT
XX
//
AC  YAP3
XX
ID  YAP3
XX
DE  mattackwaa
P0       A     C     G     T
1    0.28673 0.276761 0.218254 0.218254
2    0.465755 0.158579 0.158579 0.217086
3    5.15785e-05 5.15785e-05 5.15785e-05 0.999845
4    5.15785e-05 5.15785e-05 0.121061 0.878836
5    0.941338 5.15785e-05 5.15785e-05 0.0585585
6    5.15785e-05 0.999845 5.15785e-05     0
7    0.0509268 5.15785e-05 0.525333 0.423689
8    0.365182 5.15785e-05 5.15785e-05 0.634715
9    0.904608 0.0317972 0.0317972 0.0317972
10   0.525751 0.0914723 0.215662 0.167115
XX
CC  program: cis-bp
CC  matrix.nb: 1
CC  accession: YAP3
CC  AC: YAP3
CC  id: YAP3
CC  name: YAP3
CC  version: 
CC  matrix.nb: 1
CC  consensus.strict: aattacgtaa
CC  consensus.strict.rc: TTACGTAATT
CC  consensus.IUPAC: mattackwaa
CC  consensus.IUPAC.rc: TTWMGTAATK
CC  consensus.regexp: [ac]attac[gt][at]aa
CC  consensus.regexp.rc: TT[AT][AC]GTAAT[GT]
XX
//
AC  ACA1_CST6
XX
ID  ACA1_CST6
XX
DE  rtgacgtm
P0       A     C     G     T
1    0.712963 0.000712251 0.285613 0.000712251
2    0.000475285 0.000475285 0.000475285 0.998574
3    0.0480038 0.000475285 0.80846 0.143061
4    0.998574 0.000475285 0.000475285 0.000475285
5    0.000475285 0.951046 0.000475285 0.0480038
6    0.0955323 0.000475285 0.903517 0.000475285
7    0.000475285 0.000475285 0.000475285 0.998574
8    0.499288 0.285613 0.000712251 0.214387
XX
CC  program: cis-bp
CC  matrix.nb: 1
CC  accession: ACA1_CST6
CC  AC: ACA1_CST6
CC  id: ACA1_CST6
CC  name: ACA1_CST6
CC  version: 
CC  matrix.nb: 1
CC  consensus.strict: atgacgta
CC  consensus.strict.rc: TACGTCAT
CC  consensus.IUPAC: rtgacgtm
CC  consensus.IUPAC.rc: KACGTCAY
CC  consensus.regexp: [ag]tgacgt[ac]
CC  consensus.regexp.rc: [GT]ACGTCA[CT]
XX
//
AC  YAP1
XX
ID  YAP1
XX
DE  gmtkackwaw
P0       A     C     G     T
1    0.156235 0.237783 0.384275 0.221707
2    0.402756 0.386964 0.121308 0.0889728
3    0.0351719 0.000319899 0.0574117 0.907096
4    0.0174459 0.0324307 0.33667 0.613453
5    0.855397 0.000658076 0.0546837 0.0892611
6    0.0426048 0.534839 0.242734 0.179822
7    0.218505 0.14214 0.286234 0.353121
8    0.409661 0.197419 0.112768 0.280152
9    0.575008 0.129591 0.153605 0.141795
10   0.29779 0.163431 0.231919 0.306859
XX
CC  program: cis-bp
CC  matrix.nb: 1
CC  accession: YAP1
CC  AC: YAP1
CC  id: YAP1
CC  name: YAP1
CC  version: 
CC  matrix.nb: 1
CC  consensus.strict: gattactaat
CC  consensus.strict.rc: ATTAGTAATC
CC  consensus.IUPAC: gmtkackwaw
CC  consensus.IUPAC.rc: WTWMGTMAKC
CC  consensus.regexp: g[ac]t[gt]ac[gt][at]a[at]
CC  consensus.regexp.rc: [AT]T[AT][AC]GT[AC]A[GT]C
XX
//
AC  YAP6_CIN5
XX
ID  YAP6_CIN5
XX
DE  gmttacrtaa
P0       A     C     G     T
1    0.116441 0.0765069 0.663402 0.14365
2    0.444801 0.453787 0.0871497 0.0142624
3    0.00291938 0.0185667 0.0238401 0.954674
4    0.0505929 0.0186121 0.15506 0.775735
5    0.965859 0.0220435 0.00136755 0.0107297
6    0.0773093 0.600531 0.139465 0.182694
7    0.347681 0.110089 0.433237 0.108993
8    0.0896083 0.0548964 0.0467796 0.808716
9    0.657744 0.172227 0.103422 0.0666074
10   0.760955 0.0725717 0.0778337 0.0886392
XX
CC  program: cis-bp
CC  matrix.nb: 1
CC  accession: YAP6_CIN5
CC  AC: YAP6_CIN5
CC  id: YAP6_CIN5
CC  name: YAP6_CIN5
CC  version: 
CC  matrix.nb: 1
CC  consensus.strict: gcttacgtaa
CC  consensus.strict.rc: TTACGTAAGC
CC  consensus.IUPAC: gmttacrtaa
CC  consensus.IUPAC.rc: TTAYGTAAKC
CC  consensus.regexp: g[ac]ttac[ag]taa
CC  consensus.regexp.rc: TTA[CT]GTAA[GT]C
XX
//
AC  REI1
XX
ID  REI1
XX
DE  tmaggggy
P0       A     C     G     T
1    0.205151 0.179523 0.0513839 0.563942
2    0.252251 0.711545 0.00909582 0.0271073
3    0.971628 0.0141509 0.0141509     0
4    0.0563926 7.04027e-05 0.943467     0
5    7.04027e-05 7.04027e-05 0.999789     0
6    0.0141509 0.0211912 0.894185 0.0704731
7    0.138496 0.0385266 0.815211 0.00776684
8    0.163495 0.384564 0.201942  0.25
XX
CC  program: cis-bp
CC  matrix.nb: 1
CC  accession: REI1
CC  AC: REI1
CC  id: REI1
CC  name: REI1
CC  version: 
CC  matrix.nb: 1
CC  consensus.strict: tcaggggc
CC  consensus.strict.rc: GCCCCTGA
CC  consensus.IUPAC: tmaggggy
CC  consensus.IUPAC.rc: RCCCCTKA
CC  consensus.regexp: t[ac]agggg[ct]
CC  consensus.regexp.rc: [AG]CCCCT[GT]A
XX
//
AC  RPN4
XX
ID  RPN4
XX
DE  cggtggcgaa
P0       A     C     G     T
1    0.22664 0.29502 0.246285 0.232055
2    0.0242867 0.0242867 0.92714 0.0242867
3    3.45548e-05 3.45548e-05 0.999896     0
4    3.45548e-05 3.45548e-05 3.45548e-05 0.999896
5    3.45548e-05 3.45548e-05 0.999896     0
6    3.45548e-05 3.45548e-05 0.999896     0
7    3.45548e-05 0.999896 3.45548e-05     0
8    0.202692 3.45548e-05 0.797239     0
9    0.374611 0.197949 0.194398 0.233041
10   0.322756 0.225748 0.225748 0.225748
XX
CC  program: cis-bp
CC  matrix.nb: 1
CC  accession: RPN4
CC  AC: RPN4
CC  id: RPN4
CC  name: RPN4
CC  version: 
CC  matrix.nb: 1
CC  consensus.strict: cggtggcgaa
CC  consensus.strict.rc: TTCGCCACCG
CC  consensus.IUPAC: cggtggcgaa
CC  consensus.IUPAC.rc: TTCGCCACCG
CC  consensus.regexp: cggtggcgaa
CC  consensus.regexp.rc: TTCGCCACCG
XX
//
AC  RPN4
XX
ID  RPN4
XX
DE  vwwwwwwwwb
P0       A     C     G     T
1    0.250241 0.320883 0.30218 0.126697
2    0.376259 0.0613888 0.0459654 0.516386
3    0.359871 0.105338 0.0987396 0.436052
4    0.394764 0.0834095 0.050374 0.471453
5    0.36106 0.0780205 0.0757675 0.485152
6    0.485152 0.0757675 0.0780205 0.36106
7    0.471453 0.050374 0.0834095 0.394764
8    0.436052 0.0987396 0.105338 0.359871
9    0.516386 0.0459654 0.0613888 0.376259
10   0.126697 0.30218 0.320883 0.250241
XX
CC  program: cis-bp
CC  matrix.nb: 1
CC  accession: RPN4
CC  AC: RPN4
CC  id: RPN4
CC  name: RPN4
CC  version: 
CC  matrix.nb: 1
CC  consensus.strict: cttttaaaag
CC  consensus.strict.rc: CTTTTAAAAG
CC  consensus.IUPAC: vwwwwwwwwb
CC  consensus.IUPAC.rc: VWWWWWWWWB
CC  consensus.regexp: [acg][at][at][at][at][at][at][at][at][cgt]
CC  consensus.regexp.rc: [ACG][AT][AT][AT][AT][AT][AT][AT][AT][CGT]
XX
//
AC  STP4_STP3
XX
ID  STP4_STP3
XX
DE  arckctrgd
P0       A     C     G     T
1    0.386467 0.190004 0.23914 0.184389
2    0.365263 0.151505 0.323959 0.159273
3    0.23084 0.442184 0.16267 0.164305
4    0.143801 0.0129156 0.254279 0.589004
5    0.0384387 0.698591 0.225668 0.0373027
6    0.131629 0.0226461 0.0806394 0.765085
7    0.484548 0.134722 0.29983 0.0809001
8    0.185433 0.119426 0.50406 0.191081
9    0.296229 0.183302 0.25243 0.268039
XX
CC  program: cis-bp
CC  matrix.nb: 1
CC  accession: STP4_STP3
CC  AC: STP4_STP3
CC  id: STP4_STP3
CC  name: STP4_STP3
CC  version: 
CC  matrix.nb: 1
CC  consensus.strict: aactctaga
CC  consensus.strict.rc: TCTAGAGTT
CC  consensus.IUPAC: arckctrgd
CC  consensus.IUPAC.rc: HCYAGMGYT
CC  consensus.regexp: a[ag]c[gt]ct[ag]g[agt]
CC  consensus.regexp.rc: [ACT]C[CT]AG[AC]G[CT]T
XX
//
AC  STP4
XX
ID  STP4
XX
DE  trcggckg
P0       A     C     G     T
1    0.077454 0.154141 0.000766871 0.767638
2    0.411385 0.000586854 0.587441 0.000586854
3    0.000586854 0.939554 0.0592723 0.000586854
4    0.000586854 0.0592723 0.939554 0.000586854
5    0.000586854 0.0592723 0.939554 0.000586854
6    0.000586854 0.998239 0.000586854 0.000586854
7    0.000623441 0.0629676  0.25 0.686409
8    0.000905797 0.182065 0.634964 0.182065
XX
CC  program: cis-bp
CC  matrix.nb: 1
CC  accession: STP4
CC  AC: STP4
CC  id: STP4
CC  name: STP4
CC  version: 
CC  matrix.nb: 1
CC  consensus.strict: tgcggctg
CC  consensus.strict.rc: CAGCCGCA
CC  consensus.IUPAC: trcggckg
CC  consensus.IUPAC.rc: CMGCCGYA
CC  consensus.regexp: t[ag]cggc[gt]g
CC  consensus.regexp.rc: C[AC]GCCG[CT]A
XX
//
AC  NRG1
XX
ID  NRG1
XX
DE  wmagggwcy
P0       A     C     G     T
1    0.263492 0.243234 0.199143 0.294131
2    0.339564 0.339564 0.132643 0.188229
3    0.647289 0.100765 0.200897 0.0510493
4    0.0408547 0.000148084 0.925212 0.0337852
5    5.54291e-05 4.36021e-05 0.999595 0.000306465
6    0.0227428 5.47077e-05 0.976769 0.000433549
7    0.250759 0.11845 0.0999324 0.530858
8    0.130351 0.512975 0.116773 0.239901
9    0.125682 0.461166 0.141707 0.271445
XX
CC  program: cis-bp
CC  matrix.nb: 1
CC  accession: NRG1
CC  AC: NRG1
CC  id: NRG1
CC  name: NRG1
CC  version: 
CC  matrix.nb: 1
CC  consensus.strict: taagggtcc
CC  consensus.strict.rc: GGACCCTTA
CC  consensus.IUPAC: wmagggwcy
CC  consensus.IUPAC.rc: RGWCCCTKW
CC  consensus.regexp: [at][ac]aggg[at]c[ct]
CC  consensus.regexp.rc: [AG]G[AT]CCCT[GT][AT]
XX
//
AC  GIS1_RPH1
XX
ID  GIS1_RPH1
XX
DE  wwwwaggggt
P0       A     C     G     T
1    0.330313 0.169024 0.210617 0.290046
2    0.354136 0.172376 0.165617 0.307871
3    0.254482 0.141066 0.112082 0.49237
4    0.268935 0.149078 0.0458084 0.536179
5    0.895324 0.0561028 0.0204337 0.0281398
6    0.214687 0.00443345 0.77991 0.000969649
7    0.00107562 0.00326381 0.985249 0.0104113
8    0.00738098 0.00461313 0.981327 0.00667858
9    0.078682 0.00415958 0.884847 0.0323112
10   0.224942 0.146327 0.238851 0.389881
XX
CC  program: cis-bp
CC  matrix.nb: 1
CC  accession: GIS1_RPH1
