AC  M0101_0.90.txt_1
XX
ID  retn
XX
DE  ydatyaaaw
P0       A     C     G     T
1    0.196725 0.270916 0.204754 0.327605
2    0.403679 0.0815014 0.259984 0.254836
3    0.999299 9.50887e-05 0.000187693 0.000417719
4    0.000504388 0.00124059 0.000417108 0.997838
5    0.165827 0.376511 0.0331468 0.424515
6    0.732498 0.0533279 0.119876 0.094298
7    0.66103 0.0931116 0.113727 0.132132
8    0.510165 0.0989618 0.174991 0.215882
9    0.335782 0.227343 0.14496 0.291915
XX
CC  program: cis-bp
CC  matrix.nb: 1
CC  accession: M0101_0.90.txt_1
CC  AC: M0101_0.90.txt_1
CC  id: retn
CC  name: retn
CC  version: 
CC  matrix.nb: 1
CC  consensus.strict: taattaaaa
CC  consensus.strict.rc: TTTTAATTA
CC  consensus.IUPAC: ydatyaaaw
CC  consensus.IUPAC.rc: WTTTRATHR
CC  consensus.regexp: [ct][agt]at[ct]aaa[at]
CC  consensus.regexp.rc: [AT]TTT[AG]AT[ACT][AG]
XX
//
AC  M0104_0.90.txt_1
XX
ID  retn
XX
DE  wtttdatwa
P0       A     C     G     T
1    0.280526 0.184318 0.225127 0.310029
2    0.226709 0.176561 0.10709 0.489639
3    0.139203 0.122233 0.102098 0.636466
4    0.115272 0.102237 0.056673 0.725817
5    0.377683 0.0491097 0.312329 0.260879
6    0.967814 0.0101253 0.0106445 0.0114163
7    0.000385606 0.000207435 0.000100969 0.999306
8    0.294769 0.222782 0.115145 0.367305
9    0.296025 0.225979 0.22825 0.249746
XX
CC  program: cis-bp
CC  matrix.nb: 1
CC  accession: M0104_0.90.txt_1
CC  AC: M0104_0.90.txt_1
CC  id: retn
CC  name: retn
CC  version: 
CC  matrix.nb: 1
CC  consensus.strict: ttttaatta
CC  consensus.strict.rc: TAATTAAAA
CC  consensus.IUPAC: wtttdatwa
CC  consensus.IUPAC.rc: TWATHAAAW
CC  consensus.regexp: [at]ttt[agt]at[at]a
CC  consensus.regexp.rc: T[AT]AT[ACT]AAA[AT]
XX
//
AC  M0105_0.90.txt_1
XX
ID  retn
XX
DE  awattaatwaa
P0       A     C     G     T
1    0.467943 0.177352 0.177352 0.177352
2    0.273411 0.0800673 0.0800673 0.566454
3    0.609177 0.119174 0.0337487 0.237901
4    0.104443 0.000140595 0.000140595 0.895276
5    0.000140595 0.000140595 0.000140595 0.999578
6    0.999578 0.000140595 0.000140595 0.000140595
7    0.910941 0.000140595 0.000140595 0.0887778
8    0.0887778 0.000140595 0.000140595 0.910941
9    0.261793 0.167866 0.0727882 0.497552
10   0.48978 0.170073 0.170073 0.170073
11   0.350824 0.216392 0.216392 0.216392
XX
CC  program: cis-bp
CC  matrix.nb: 1
CC  accession: M0105_0.90.txt_1
CC  AC: M0105_0.90.txt_1
CC  id: retn
CC  name: retn
CC  version: 
CC  matrix.nb: 1
CC  consensus.strict: atattaattaa
CC  consensus.strict.rc: TTAATTAATAT
CC  consensus.IUPAC: awattaatwaa
CC  consensus.IUPAC.rc: TTWATTAATWT
CC  consensus.regexp: a[at]attaat[at]aa
CC  consensus.regexp.rc: TT[AT]ATTAAT[AT]T
XX
//
AC  M0106_0.90.txt_1
XX
ID  retn
XX
DE  ywatyaaaw
P0       A     C     G     T
1    0.246578 0.267115 0.232219 0.254088
2    0.378326 0.089636 0.246105 0.285933
3    0.932211 0.0200366 0.0244727 0.0232792
4    0.109459 0.0571426 0.0942122 0.739186
5    0.198441 0.333784 0.113351 0.354424
6    0.708755 0.0564588 0.138866 0.0959196
7    0.607308 0.100387 0.141039 0.151265
8    0.519306 0.108039 0.187259 0.185396
9    0.347377 0.202433 0.18501 0.26518
XX
CC  program: cis-bp
CC  matrix.nb: 1
CC  accession: M0106_0.90.txt_1
CC  AC: M0106_0.90.txt_1
CC  id: retn
CC  name: retn
CC  version: 
CC  matrix.nb: 1
CC  consensus.strict: caattaaaa
CC  consensus.strict.rc: TTTTAATTG
CC  consensus.IUPAC: ywatyaaaw
CC  consensus.IUPAC.rc: WTTTRATWR
CC  consensus.regexp: [ct][at]at[ct]aaa[at]
CC  consensus.regexp.rc: [AT]TTT[AG]AT[AT][AG]
XX
//
AC  M0107_0.90.txt_1
XX
ID  retn
XX
DE  wtttratww
P0       A     C     G     T
1    0.287207 0.13703 0.210651 0.365112
2    0.219872 0.145918 0.0769416 0.557268
3    0.118816 0.0765217 0.0713484 0.733314
4    0.0706817 0.0821204 0.0602309 0.786967
5    0.408983 0.0393964 0.306027 0.245593
6    0.964659 0.0123268 0.0132206 0.00979404
7    0.00082565 0.0174339 0.000894416 0.980846
8    0.322598 0.238987 0.0924259 0.345989
9    0.300945 0.229735 0.199722 0.269597
XX
CC  program: cis-bp
CC  matrix.nb: 1
CC  accession: M0107_0.90.txt_1
CC  AC: M0107_0.90.txt_1
CC  id: retn
CC  name: retn
CC  version: 
CC  matrix.nb: 1
CC  consensus.strict: ttttaatta
CC  consensus.strict.rc: TAATTAAAA
CC  consensus.IUPAC: wtttratww
CC  consensus.IUPAC.rc: WWATYAAAW
CC  consensus.regexp: [at]ttt[ag]at[at][at]
CC  consensus.regexp.rc: [AT][AT]AT[CT]AAA[AT]
XX
//
AC  M0110_0.90.txt_1
XX
ID  retn
XX
DE  wtttratwm
P0       A     C     G     T
1    0.252147 0.208515 0.237463 0.301875
2    0.224942 0.238851 0.146327 0.389881
3    0.17209 0.177331 0.163697 0.486881
4    0.160789 0.162405 0.109957 0.566849
5    0.331941 0.110494 0.318925 0.23864
6    0.779062 0.0735592 0.109737 0.0376409
7    0.0322647 0.106057 0.0211994 0.840479
8    0.283413 0.236726 0.157103 0.322758
9    0.26004 0.257453 0.240047 0.24246
XX
CC  program: cis-bp
CC  matrix.nb: 1
CC  accession: M0110_0.90.txt_1
CC  AC: M0110_0.90.txt_1
CC  id: retn
CC  name: retn
CC  version: 
CC  matrix.nb: 1
CC  consensus.strict: ttttaatta
CC  consensus.strict.rc: TAATTAAAA
CC  consensus.IUPAC: wtttratwm
CC  consensus.IUPAC.rc: KWATYAAAW
CC  consensus.regexp: [at]ttt[ag]at[at][ac]
CC  consensus.regexp.rc: [GT][AT]AT[CT]AAA[AT]
XX
//
AC  M0112_0.90.txt_1
XX
ID  retn
XX
DE  tttratwr
P0       A     C     G     T
1    0.228748 0.221987 0.148803 0.400462
2    0.182465 0.170129 0.146431 0.500975
3    0.138322 0.188592 0.0714919 0.601595
4    0.336065 0.060178 0.422972 0.180785
5    0.973889 0.000879235 0.0220056 0.00322618
6    0.0451944 0.000360946 0.000149714 0.954295
7    0.278506 0.244555 0.112105 0.364833
8    0.30042 0.203401 0.269126 0.227052
XX
CC  program: cis-bp
CC  matrix.nb: 1
CC  accession: M0112_0.90.txt_1
CC  AC: M0112_0.90.txt_1
CC  id: retn
CC  name: retn
CC  version: 
CC  matrix.nb: 1
CC  consensus.strict: tttgatta
CC  consensus.strict.rc: TAATCAAA
CC  consensus.IUPAC: tttratwr
CC  consensus.IUPAC.rc: YWATYAAA
CC  consensus.regexp: ttt[ag]at[at][ag]
CC  consensus.regexp.rc: [CT][AT]AT[CT]AAA
XX
//
AC  M0115_0.90.txt_1
XX
ID  retn
XX
DE  yratyaaa
P0       A     C     G     T
1    0.245252 0.271045 0.215355 0.268348
2    0.30832 0.196593 0.254968 0.24012
3    0.941882 0.000248548 0.000593262 0.0572759
4    0.0517629 0.0350464 0.000248248 0.912942
5    0.191668 0.309749 0.0887446 0.409838
6    0.562171 0.100666 0.162683 0.174479
7    0.502612 0.159145 0.175883 0.16236
8    0.416728 0.148775 0.23567 0.198827
XX
CC  program: cis-bp
CC  matrix.nb: 1
CC  accession: M0115_0.90.txt_1
CC  AC: M0115_0.90.txt_1
CC  id: retn
CC  name: retn
CC  version: 
CC  matrix.nb: 1
CC  consensus.strict: caattaaa
CC  consensus.strict.rc: TTTAATTG
CC  consensus.IUPAC: yratyaaa
CC  consensus.IUPAC.rc: TTTRATYR
CC  consensus.regexp: [ct][ag]at[ct]aaa
CC  consensus.regexp.rc: TTT[AG]AT[CT][AG]
XX
//
AC  M0122_0.90.txt_1
XX
ID  Xrp1
XX
DE  rcawwwwar
P0       A     C     G     T
1    0.374501 0.137771 0.378264 0.109464
2    0.226206 0.276289 0.249996 0.247509
3    0.606765 0.0567208 0.230014 0.1065
4    0.428552 0.111098 0.20042 0.25993
5    0.47592 0.0467704 0.20546 0.27185
6    0.400042 0.0996406 0.159424 0.340893
7    0.337415 0.202616 0.115736 0.344232
8    0.546503 0.0724966 0.224425 0.156576
9    0.462607 0.0407264 0.319538 0.177129
XX
CC  program: cis-bp
CC  matrix.nb: 1
CC  accession: M0122_0.90.txt_1
CC  AC: M0122_0.90.txt_1
CC  id: Xrp1
CC  name: Xrp1
CC  version: 
CC  matrix.nb: 1
CC  consensus.strict: gcaaaataa
CC  consensus.strict.rc: TTATTTTGC
CC  consensus.IUPAC: rcawwwwar
CC  consensus.IUPAC.rc: YTWWWWTGY
CC  consensus.regexp: [ag]ca[at][at][at][at]a[ag]
CC  consensus.regexp.rc: [CT]T[AT][AT][AT][AT]TG[CT]
XX
//
AC  M0124_0.90.txt_1
XX
ID  Xrp1
XX
DE  garkmmwwww
P0       A     C     G     T
1    0.16758 0.105791 0.590791 0.135838
2    0.566353 0.167205 0.116655 0.149788
3    0.278495 0.142508 0.403187 0.175809
4    0.198637 0.137205 0.396026 0.268132
5    0.277415 0.413854 0.0861004 0.222631
6    0.361836 0.296246 0.141343 0.200575
7    0.477449 0.0412008 0.216688 0.264663
8    0.560915 0.0153263 0.0766745 0.347085
9    0.651345 0.00215769 0.038824 0.307673
10   0.712595 0.0293389 0.00366531 0.254401
XX
CC  program: cis-bp
CC  matrix.nb: 1
CC  accession: M0124_0.90.txt_1
CC  AC: M0124_0.90.txt_1
CC  id: Xrp1
CC  name: Xrp1
CC  version: 
CC  matrix.nb: 1
CC  consensus.strict: gaggcaaaaa
CC  consensus.strict.rc: TTTTTGCCTC
CC  consensus.IUPAC: garkmmwwww
CC  consensus.IUPAC.rc: WWWWKKMYTC
CC  consensus.regexp: ga[ag][gt][ac][ac][at][at][at][at]
CC  consensus.regexp.rc: [AT][AT][AT][AT][GT][GT][AC][CT]TC
XX
//
AC  M0125_0.90.txt_1
XX
ID  Xrp1
XX
DE  mkrawarh
P0       A     C     G     T
1    0.377279 0.271235 0.194997 0.156489
2    0.2475 0.202636 0.270808 0.279056
3    0.343177 0.177371 0.251702 0.227749
4    0.340293 0.177648 0.244645 0.237414
5    0.346936 0.154337 0.214679 0.284048
6    0.576007 0.0333187 0.178773 0.211901
7    0.732846 1.29006e-06 0.266916 0.000236203
8    0.253553 0.258675 0.0612874 0.426484
XX
CC  program: cis-bp
CC  matrix.nb: 1
CC  accession: M0125_0.90.txt_1
CC  AC: M0125_0.90.txt_1
CC  id: Xrp1
CC  name: Xrp1
CC  version: 
CC  matrix.nb: 1
CC  consensus.strict: ataaaaat
CC  consensus.strict.rc: ATTTTTAT
CC  consensus.IUPAC: mkrawarh
CC  consensus.IUPAC.rc: DYTWTYMK
CC  consensus.regexp: [ac][gt][ag]a[at]a[ag][act]
CC  consensus.regexp.rc: [AGT][CT]T[AT]T[CT][AC][GT]
XX
//
AC  M0126_0.90.txt_1
XX
ID  Xrp1
XX
DE  aaarwaww
P0       A     C     G     T
1    0.421032 0.213302 0.219798 0.145869
2    0.361549 0.210692 0.21281 0.214949
3    0.399952 0.129198 0.233071 0.237779
4    0.407012 0.0813567 0.264765 0.246866
5    0.287986 0.14301 0.130701 0.438304
6    0.780909 0.000177366 0.139834 0.0790798
7    0.562556 0.000620326 0.176353 0.260471
8    0.417051 0.0930567 0.112529 0.377363
XX
CC  program: cis-bp
CC  matrix.nb: 1
CC  accession: M0126_0.90.txt_1
CC  AC: M0126_0.90.txt_1
CC  id: Xrp1
CC  name: Xrp1
CC  version: 
CC  matrix.nb: 1
CC  consensus.strict: aaaataaa
CC  consensus.strict.rc: TTTATTTT
CC  consensus.IUPAC: aaarwaww
CC  consensus.IUPAC.rc: WWTWYTTT
CC  consensus.regexp: aaa[ag][at]a[at][at]
CC  consensus.regexp.rc: [AT][AT]T[AT][CT]TTT
XX
//
AC  M0127_0.90.txt_1
XX
ID  Xrp1
XX
DE  wwawawat
P0       A     C     G     T
1    0.723485 0.000344353 0.000344353 0.275826
2    0.721698 0.000277469 0.000277469 0.277747
3    0.75621 0.000269978 0.000269978 0.243251
4    0.648218 0.000269978 0.000269978 0.351242
5    0.864201 0.000269978 0.000269978 0.135259
6    0.324244 0.000269978 0.000269978 0.675216
7    0.891199 0.000269978 0.000269978 0.108261
8    0.0627341 0.00031211 0.00031211 0.936642
XX
CC  program: cis-bp
CC  matrix.nb: 1
CC  accession: M0127_0.90.txt_1
CC  AC: M0127_0.90.txt_1
CC  id: Xrp1
CC  name: Xrp1
CC  version: 
CC  matrix.nb: 1
CC  consensus.strict: aaaaatat
CC  consensus.strict.rc: ATATTTTT
CC  consensus.IUPAC: wwawawat
CC  consensus.IUPAC.rc: ATWTWTWW
CC  consensus.regexp: [at][at]a[at]a[at]at
CC  consensus.regexp.rc: AT[AT]T[AT]T[AT][AT]
XX
//
AC  M0128_0.90.txt_1
XX
ID  Xrp1
XX
DE  aaaawaaa
P0       A     C     G     T
1    0.990132 0.00328947 0.00328947 0.00328947
2    0.992574 0.00247525 0.00247525 0.00247525
3    0.992574 0.00247525 0.00247525 0.00247525
4    0.992574 0.00247525 0.00247525 0.00247525
5     0.25 0.00247525 0.00247525 0.74505
6    0.992574 0.00247525 0.00247525 0.00247525
7    0.992574 0.00247525 0.00247525 0.00247525
8    0.990132 0.00328947 0.00328947 0.00328947
XX
CC  program: cis-bp
CC  matrix.nb: 1
CC  accession: M0128_0.90.txt_1
CC  AC: M0128_0.90.txt_1
CC  id: Xrp1
CC  name: Xrp1
CC  version: 
CC  matrix.nb: 1
CC  consensus.strict: aaaataaa
CC  consensus.strict.rc: TTTATTTT
CC  consensus.IUPAC: aaaawaaa
CC  consensus.IUPAC.rc: TTTWTTTT
CC  consensus.regexp: aaaa[at]aaa
CC  consensus.regexp.rc: TTT[AT]TTTT
XX
//
AC  M0129_0.90.txt_1
XX
ID  Xrp1
XX
DE  wwwhwwdwww
P0       A     C     G     T
1    0.314753 0.17358 0.119888 0.391779
2    0.398793 0.10259 0.146381 0.352236
3    0.377309 0.146069 0.181421 0.295201
4    0.269905 0.272333 0.0621234 0.395639
5    0.323521 0.171271 0.193764 0.311444
6    0.311444 0.193764 0.171271 0.323521
7    0.395639 0.0621234 0.272333 0.269905
8    0.295201 0.181421 0.146069 0.377309
9    0.352236 0.146381 0.10259 0.398793
10   0.391779 0.119888 0.17358 0.314753
XX
CC  program: cis-bp
CC  matrix.nb: 1
CC  accession: M0129_0.90.txt_1
CC  AC: M0129_0.90.txt_1
CC  id: Xrp1
CC  name: Xrp1
CC  version: 
CC  matrix.nb: 1
CC  consensus.strict: taatatatta
CC  consensus.strict.rc: TAATATATTA
CC  consensus.IUPAC: wwwhwwdwww
CC  consensus.IUPAC.rc: WWWHWWDWWW
CC  consensus.regexp: [at][at][at][act][at][at][agt][at][at][at]
CC  consensus.regexp.rc: [AT][AT][AT][ACT][AT][AT][AGT][AT][AT][AT]
XX
//
AC  M0130_0.90.txt_1
XX
ID  Xrp1
XX
DE  raardwrw
P0       A     C     G     T
1    0.272331 0.232065 0.256472 0.239132
2    0.290589 0.228585 0.247623 0.233203
3    0.328743 0.205465 0.238717 0.227074
4    0.321069 0.190882 0.252562 0.235487
5    0.31252 0.159919 0.25587 0.271692
6    0.448771 0.140683 0.0943029 0.316243
7    0.716851 0.000111344 0.282836 0.000200863
8    0.337735 0.159535 0.0902208 0.41251
XX
CC  program: cis-bp
CC  matrix.nb: 1
CC  accession: M0130_0.90.txt_1
CC  AC: M0130_0.90.txt_1
CC  id: Xrp1
CC  name: Xrp1
CC  version: 
CC  matrix.nb: 1
CC  consensus.strict: aaaaaaat
CC  consensus.strict.rc: ATTTTTTT
CC  consensus.IUPAC: raardwrw
CC  consensus.IUPAC.rc: WYWHYTTY
CC  consensus.regexp: [ag]aa[ag][agt][at][ag][at]
CC  consensus.regexp.rc: [AT][CT][AT][ACT][CT]TT[CT]
XX
//
AC  M0131_0.90.txt_1
XX
ID  Xrp1
XX
DE  yrhwwwwdyr
P0       A     C     G     T
1    0.215163 0.323274 0.194792 0.266771
2    0.289484 0.100082 0.393882 0.216552
3    0.286614 0.288427 0.170297 0.254662
4    0.404746 0.159463 0.16726 0.268531
5    0.42052 0.151365 0.157426 0.270689
6    0.270689 0.157426 0.151365 0.42052
7    0.268531 0.16726 0.159463 0.404746
8    0.254662 0.170297 0.288427 0.286614
9    0.216552 0.393882 0.100082 0.289484
10   0.266771 0.194792 0.323274 0.215163
XX
CC  program: cis-bp
CC  matrix.nb: 1
CC  accession: M0131_0.90.txt_1
CC  AC: M0131_0.90.txt_1
CC  id: Xrp1
CC  name: Xrp1
CC  version: 
CC  matrix.nb: 1
CC  consensus.strict: cgcaattgcg
CC  consensus.strict.rc: CGCAATTGCG
CC  consensus.IUPAC: yrhwwwwdyr
CC  consensus.IUPAC.rc: YRHWWWWDYR
CC  consensus.regexp: [ct][ag][act][at][at][at][at][agt][ct][ag]
CC  consensus.regexp.rc: [CT][AG][ACT][AT][AT][AT][AT][AGT][CT][AG]
XX
//
AC  M0132_0.90.txt_1
XX
ID  Xrp1
XX
DE  aaawaaat
P0       A     C     G     T
1     0.75 0.0833333 0.0833333 0.0833333
2      0.8 0.0666667 0.0666667 0.0666667
3    0.733333 0.0666667 0.0666667 0.133333
4    0.266667 0.0666667 0.0666667   0.6
5    0.733333 0.0666667 0.0666667 0.133333
6    0.666667 0.0666667 0.0666667   0.2
7    0.692308 0.0769231 0.0769231 0.153846
8    0.166667 0.0833333 0.0833333 0.666667
XX
CC  program: cis-bp
CC  matrix.nb: 1
CC  accession: M0132_0.90.txt_1
CC  AC: M0132_0.90.txt_1
CC  id: Xrp1
CC  name: Xrp1
CC  version: 
CC  matrix.nb: 1
CC  consensus.strict: aaataaat
CC  consensus.strict.rc: ATTTATTT
CC  consensus.IUPAC: aaawaaat
CC  consensus.IUPAC.rc: ATTTWTTT
CC  consensus.regexp: aaa[at]aaat
CC  consensus.regexp.rc: ATTT[AT]TTT
XX
//
AC  M0134_0.90.txt_1
XX
ID  Xrp1
XX
DE  araatatwaatt
P0       A     C     G     T
1    0.319241 0.22692 0.22692 0.22692
2    0.295675 0.203353 0.297619 0.203353
3    0.447891 0.153263 0.153263 0.245584
4    0.759501 0.0801664 0.0801664 0.0801664
5    0.234882 0.000164217 0.000164217 0.76479
6    0.819787 0.000164217 0.000164217 0.179884
7    0.0961328 0.000164217 0.09945 0.804253
8    0.407905 0.000164217 0.000164217 0.591766
9    0.836001 0.11751 0.0232446 0.0232446
10   0.859567 0.046811 0.046811 0.046811
11   0.0969017 0.0969017 0.0969017 0.709295
12   0.169998 0.169998 0.169998 0.490007
XX
CC  program: cis-bp
CC  matrix.nb: 1
CC  accession: M0134_0.90.txt_1
CC  AC: M0134_0.90.txt_1
CC  id: Xrp1
CC  name: Xrp1
CC  version: 
CC  matrix.nb: 1
CC  consensus.strict: agaatattaatt
CC  consensus.strict.rc: AATTAATATTCT
CC  consensus.IUPAC: araatatwaatt
CC  consensus.IUPAC.rc: AATTWATATTYT
CC  consensus.regexp: a[ag]aatat[at]aatt
CC  consensus.regexp.rc: AATT[AT]ATATT[CT]T
XX
//
AC  M0136_0.90.txt_1
XX
ID  Xrp1
XX
DE  wwawwwaww
P0       A     C     G     T
1    0.353239 0.184407 0.20585 0.256504
2    0.291909 0.20986 0.178831 0.319399
3    0.479754 0.153435 0.207115 0.159696
4    0.353839 0.157408 0.196143 0.29261
5    0.432302 0.0707479 0.192313 0.304638
6    0.389749 0.100033 0.061899 0.448318
7    0.862322 0.000496401 0.0847435 0.0524379
8    0.519591 0.0338873 0.0876228 0.358899
9    0.365816 0.0929563 0.0808123 0.460416
XX
CC  program: cis-bp
CC  matrix.nb: 1
CC  accession: M0136_0.90.txt_1
CC  AC: M0136_0.90.txt_1
CC  id: Xrp1
CC  name: Xrp1
CC  version: 
CC  matrix.nb: 1
CC  consensus.strict: ataaataat
CC  consensus.strict.rc: ATTATTTAT
CC  consensus.IUPAC: wwawwwaww
CC  consensus.IUPAC.rc: WWTWWWTWW
CC  consensus.regexp: [at][at]a[at][at][at]a[at][at]
CC  consensus.regexp.rc: [AT][AT]T[AT][AT][AT]T[AT][AT]
XX
//
AC  M0145_0.90.txt_1
XX
ID  Xrp1
XX
DE  mdrawart
P0       A     C     G     T
1    0.318198 0.263137 0.21979 0.198875
2    0.256386 0.20168 0.264194 0.27774
3    0.322138 0.195387 0.250882 0.231593
4    0.330083 0.190441 0.234943 0.244532
5    0.353662 0.155764 0.212373 0.278201
6    0.54031 0.0723955 0.156357 0.230937
7    0.708523 9.76059e-05 0.290959 0.000420287
8    0.216909 0.228031 0.100432 0.454628
XX
CC  program: cis-bp
CC  matrix.nb: 1
CC  accession: M0145_0.90.txt_1
CC  AC: M0145_0.90.txt_1
CC  id: Xrp1
CC  name: Xrp1
CC  version: 
CC  matrix.nb: 1
CC  consensus.strict: ataaaaat
CC  consensus.strict.rc: ATTTTTAT
CC  consensus.IUPAC: mdrawart
CC  consensus.IUPAC.rc: AYTWTYHK
CC  consensus.regexp: [ac][agt][ag]a[at]a[ag]t
CC  consensus.regexp.rc: A[CT]T[AT]T[CT][ACT][GT]
XX
//
AC  M0146_0.90.txt_1
XX
ID  Xrp1
XX
DE  aaawtaat
P0       A     C     G     T
1    0.839058 0.000399361 0.120208 0.0403355
2    0.88161 0.000293772 0.000293772 0.117803
3    0.832686 0.000277469 0.000277469 0.166759
4    0.693951 0.000277469 0.000277469 0.305494
5    0.166759 0.000277469 0.000277469 0.832686
6    0.832686 0.000277469 0.000277469 0.166759
7    0.764101 0.029671 0.000293772 0.205934
8    0.185281 0.0373521 0.000369822 0.776997
XX
CC  program: cis-bp
CC  matrix.nb: 1
CC  accession: M0146_0.90.txt_1
CC  AC: M0146_0.90.txt_1
CC  id: Xrp1
CC  name: Xrp1
CC  version: 
CC  matrix.nb: 1
CC  consensus.strict: aaaataat
CC  consensus.strict.rc: ATTATTTT
CC  consensus.IUPAC: aaawtaat
CC  consensus.IUPAC.rc: ATTAWTTT
CC  consensus.regexp: aaa[at]taat
CC  consensus.regexp.rc: ATTA[AT]TTT
XX
//
AC  M0168_0.90.txt_1
XX
ID  nau
XX
DE  gacagctg
P0       A     C     G     T
1        0     0     1     0
2        1     0     0     0
3        0     1     0     0
4        1     0     0     0
5        0     0     1     0
6        0     1     0     0
7        0     0     0     1
8        0     0     1     0
XX
CC  program: cis-bp
CC  matrix.nb: 1
CC  accession: M0168_0.90.txt_1
CC  AC: M0168_0.90.txt_1
CC  id: nau
CC  name: nau
CC  version: 
CC  matrix.nb: 1
CC  consensus.strict: gacagctg
CC  consensus.strict.rc: CAGCTGTC
CC  consensus.IUPAC: gacagctg
CC  consensus.IUPAC.rc: CAGCTGTC
CC  consensus.regexp: gacagctg
CC  consensus.regexp.rc: CAGCTGTC
XX
//
AC  M0172_0.90.txt_1
XX
ID  FBgn0263112
XX
DE  ccwcgtgayy
P0       A     C     G     T
1    0.196384 0.34726 0.225896 0.230459
2    0.0647501 0.863104 0.0362535 0.0358927
3    0.38756 0.115569 0.242226 0.254645
4    0.0144081 0.794559 0.0399563 0.151077
5    0.217483 0.068178 0.707771 0.00656742
6    0.051181 0.0123712 0.0427499 0.893698
7    0.000371359 0.00176723 0.991693 0.00616824
8    0.752255 0.0833522 0.0912018 0.0731912
9    0.0584131 0.481806 0.0692374 0.390544
10   0.218559 0.316415 0.18439 0.280635
XX
CC  program: cis-bp
CC  matrix.nb: 1
CC  accession: M0172_0.90.txt_1
CC  AC: M0172_0.90.txt_1
CC  id: FBgn0263112
CC  name: FBgn0263112
CC  version: 
CC  matrix.nb: 1
CC  consensus.strict: ccacgtgacc
CC  consensus.strict.rc: GGTCACGTGG
CC  consensus.IUPAC: ccwcgtgayy
CC  consensus.IUPAC.rc: RRTCACGWGG
CC  consensus.regexp: cc[at]cgtga[ct][ct]
CC  consensus.regexp.rc: [AG][AG]TCACG[AT]GG
XX
//
AC  M0174_0.90.txt_1
XX
ID  crp
XX
DE  mcakmtgdt
P0       A     C     G     T
1    0.273464 0.424609 0.181484 0.120442
2    0.097576 0.829341 0.0392767 0.0338058
3    0.662486 0.0560363 0.199537 0.081941
4    0.0432903 0.208081 0.467748 0.28088
5    0.299713 0.470043 0.215471 0.0147733
6    0.0043967 0.0723021 0.015656 0.907645
7    0.000715475 0.00017122 0.997439 0.00167396
8    0.378736 0.0820099 0.275019 0.264235
9    0.118253 0.228795 0.178185 0.474767
XX
CC  program: cis-bp
CC  matrix.nb: 1
CC  accession: M0174_0.90.txt_1
CC  AC: M0174_0.90.txt_1
CC  id: crp
CC  name: crp
CC  version: 
CC  matrix.nb: 1
CC  consensus.strict: ccagctgat
CC  consensus.strict.rc: ATCAGCTGG
CC  consensus.IUPAC: mcakmtgdt
CC  consensus.IUPAC.rc: AHCAKMTGK
CC  consensus.regexp: [ac]ca[gt][ac]tg[agt]t
CC  consensus.regexp.rc: A[ACT]CA[GT][AC]TG[GT]
XX
//
AC  M0175_0.90.txt_1
XX
ID  twi
XX
DE  macatatgky
P0       A     C     G     T
1    0.365483 0.272271 0.181123 0.181123
2    0.744728 0.154736 0.0502683 0.0502683
3    0.000139305 0.999582 0.000139305 0.000139305
4    0.999582 0.000139305 0.000139305 0.000139305
5    0.000139305 0.210614 0.000139305 0.789108
6    0.782721 0.000139305 0.217001 0.000139305
7    0.000139305 0.000139305 0.000139305 0.999582
8    0.000139305 0.000139305 0.999582 0.000139305
9    0.0690164 0.0690164 0.579511 0.282456
10   0.199871 0.29843 0.199871 0.301828
XX
CC  program: cis-bp
CC  matrix.nb: 1
CC  accession: M0175_0.90.txt_1
CC  AC: M0175_0.90.txt_1
CC  id: twi
CC  name: twi
CC  version: 
CC  matrix.nb: 1
CC  consensus.strict: aacatatggt
CC  consensus.strict.rc: ACCATATGTT
CC  consensus.IUPAC: macatatgky
CC  consensus.IUPAC.rc: RMCATATGTK
CC  consensus.regexp: [ac]acatatg[gt][ct]
CC  consensus.regexp.rc: [AG][AC]CATATGT[GT]
XX
//
AC  M0176_0.90.txt_1
XX
ID  l(1)sc
XX
DE  rrcagctgyy
P0       A     C     G     T
1    0.315548 0.181281 0.304969 0.198202
2    0.342567 0.21565 0.329096 0.112687
3    0.0362955 0.956859 2.51998e-11 0.00684525
4    0.887445 0.0260361 0.0520401 0.0344795
5    0.0223128 0.233167 0.582932 0.161589
6    0.161589 0.582932 0.233167 0.0223128
7    0.0344795 0.0520401 0.0260361 0.887445
8    0.00684525 2.51998e-11 0.956859 0.0362955
9    0.112687 0.329096 0.21565 0.342567
10   0.198202 0.304969 0.181281 0.315548
XX
CC  program: cis-bp
CC  matrix.nb: 1
CC  accession: M0176_0.90.txt_1
CC  AC: M0176_0.90.txt_1
CC  id: l_1_sc
CC  name: l(1)sc
CC  version: 
CC  matrix.nb: 1
CC  consensus.strict: aacagctgtt
CC  consensus.strict.rc: AACAGCTGTT
CC  consensus.IUPAC: rrcagctgyy
CC  consensus.IUPAC.rc: RRCAGCTGYY
CC  consensus.regexp: [ag][ag]cagctg[ct][ct]
CC  consensus.regexp.rc: [AG][AG]CAGCTG[CT][CT]
XX
//
AC  M0177_0.90.txt_1
XX
ID  tgo_cyc
XX
DE  awkcacgtgayt
P0       A     C     G     T
1    0.308919 0.23036 0.23036 0.23036
2    0.341568 0.171125 0.171125 0.316182
3    0.068338 0.068338 0.598151 0.265173
4    0.0190509 0.864288 0.0190509 0.0976098
5    0.999459 0.00018045 0.00018045 0.00018045
6    0.147433 0.852206 0.00018045 0.00018045
7    0.0719511 0.00018045 0.773647 0.154221
8    0.00018045 0.00018045 0.00018045 0.999459
9    0.0915908 0.0198202 0.793287 0.0953021
10   0.63294 0.208948 0.0790558 0.0790558
11   0.181842 0.294572 0.181842 0.341743
12   0.23113 0.23113 0.23113 0.306611
XX
CC  program: cis-bp
CC  matrix.nb: 1
CC  accession: M0177_0.90.txt_1
CC  AC: M0177_0.90.txt_1
CC  id: tgo_cyc
CC  name: tgo_cyc
CC  version: 
CC  matrix.nb: 1
CC  consensus.strict: aagcacgtgatt
CC  consensus.strict.rc: AATCACGTGCTT
CC  consensus.IUPAC: awkcacgtgayt
CC  consensus.IUPAC.rc: ARTCACGTGMWT
CC  consensus.regexp: a[at][gt]cacgtga[ct]t
CC  consensus.regexp.rc: A[AG]TCACGTG[AC][AT]T
XX
//
AC  M0178_0.90.txt_1
XX
ID  tgo_cyc
XX
DE  atkcayrtgm
P0       A     C     G     T
1    0.441686 0.235875 0.16122 0.16122
2    0.191879 0.187982 0.225189 0.39495
3    0.000211099 0.000211099 0.265877 0.733701
4    0.141244 0.708098 0.000211099 0.150448
5    0.929873 0.000211099 0.0697052 0.000211099
6    0.000211099 0.496749 0.000211099 0.502828
7    0.362577 0.000211099 0.566244 0.0709686
8    0.000211099 0.000211099 0.0709686 0.928609
9    0.157008 0.0889914 0.665009 0.0889914
10   0.330549 0.403477 0.132987 0.132987
XX
CC  program: cis-bp
CC  matrix.nb: 1
CC  accession: M0178_0.90.txt_1
CC  AC: M0178_0.90.txt_1
CC  id: tgo_cyc
CC  name: tgo_cyc
CC  version: 
CC  matrix.nb: 1
CC  consensus.strict: attcatgtgc
CC  consensus.strict.rc: GCACATGAAT
CC  consensus.IUPAC: atkcayrtgm
CC  consensus.IUPAC.rc: KCAYRTGMAT
CC  consensus.regexp: at[gt]ca[ct][ag]tg[ac]
CC  consensus.regexp.rc: [GT]CA[CT][AG]TG[AC]AT
XX
//
AC  M0179_0.90.txt_1
XX
ID  bigmax
XX
DE  cacgtgmym
P0       A     C     G     T
1    0.124649 0.769317 0.0538123 0.0522219
2    0.776553 0.112715 0.0127415 0.09799
3    0.000987198 0.922526 0.0764866     0
4    0.201004 6.02699e-08 0.798969     0
5    4.25368e-06 0.111055 1.66591e-07 0.88894
6    0.000349006 7.11713e-05 0.999579     0
7    0.335047 0.258338 0.19721 0.209405
8    0.233 0.265347 0.160941 0.340712
9    0.273742 0.327729 0.185339 0.21319
XX
CC  program: cis-bp
CC  matrix.nb: 1
CC  accession: M0179_0.90.txt_1
CC  AC: M0179_0.90.txt_1
CC  id: bigmax
CC  name: bigmax
CC  version: 
CC  matrix.nb: 1
CC  consensus.strict: cacgtgatc
CC  consensus.strict.rc: GATCACGTG
CC  consensus.IUPAC: cacgtgmym
CC  consensus.IUPAC.rc: KRKCACGTG
CC  consensus.regexp: cacgtg[ac][ct][ac]
CC  consensus.regexp.rc: [GT][AG][GT]CACGTG
XX
//
AC  M0180_0.90.txt_1
XX
ID  bigmax
XX
DE  scacgtgmym
P0       A     C     G     T
1    0.21349 0.31532 0.291077 0.180114
2    0.120917 0.709888 0.0740772 0.095117
3    0.532339 0.0925067 0.24648 0.128674
4    0.0185936 0.873768 0.0291605 0.0784777
5    0.214454 0.0508101 0.733697 0.00103883
6    0.0184679 3.45978e-05 0.0507056 0.930792
7    5.66439e-05 6.98803e-05 0.971682 0.0281917
8    0.357783 0.270406 0.190552 0.181259
9    0.215087 0.284589 0.156186 0.344139
10   0.25328 0.348799 0.182089 0.215831
XX
CC  program: cis-bp
CC  matrix.nb: 1
CC  accession: M0180_0.90.txt_1
CC  AC: M0180_0.90.txt_1
CC  id: bigmax
CC  name: bigmax
CC  version: 
CC  matrix.nb: 1
CC  consensus.strict: ccacgtgatc
CC  consensus.strict.rc: GATCACGTGG
CC  consensus.IUPAC: scacgtgmym
CC  consensus.IUPAC.rc: KRKCACGTGS
CC  consensus.regexp: [cg]cacgtg[ac][ct][ac]
CC  consensus.regexp.rc: [GT][AG][GT]CACGTG[CG]
XX
//
AC  M0181_0.90.txt_1
XX
ID  Hey
XX
DE  rcacgtgtc
P0       A     C     G     T
1    0.27374 0.108005 0.52436 0.0938951
2    0.0203781 0.967255 0.00204309 0.0103239
3    0.825043 0.0116515 0.146267 0.0170378
4    0.0127606 0.903576 0.0292641 0.0543998
5    0.0572751 0.014848 0.914033 0.0138442
6    0.0267881 0.15885 0.0116809 0.802681
7    0.0460201 0.050354 0.853272 0.050354
8    0.189179 0.219795 0.217608 0.373417
9    0.145701 0.584966 0.141394 0.127939
XX
CC  program: cis-bp
CC  matrix.nb: 1
CC  accession: M0181_0.90.txt_1
CC  AC: M0181_0.90.txt_1
CC  id: Hey
CC  name: Hey
CC  version: 
CC  matrix.nb: 1
CC  consensus.strict: gcacgtgtc
CC  consensus.strict.rc: GACACGTGC
CC  consensus.IUPAC: rcacgtgtc
CC  consensus.IUPAC.rc: GACACGTGY
CC  consensus.regexp: [ag]cacgtgtc
CC  consensus.regexp.rc: GACACGTG[CT]
XX
//
AC  M0182_0.90.txt_1
XX
ID  da
XX
DE  rcacctgbd
P0       A     C     G     T
1    0.358832 0.233424 0.344762 0.0629823
2    0.00455963 0.989542 0.000808352 0.00508982
3    0.958089 0.000290818 0.0398428 0.00177703
4    0.0098233 0.784273 0.112703 0.0932009
5    0.00799282 0.852816 0.134094 0.00509645
6    0.0154484 0.00774853 0.00660286 0.9702
7    0.00260953 0.00362978 0.981588 0.0121724
8    0.0887274 0.393692 0.251029 0.266552
9    0.267667 0.202299 0.262367 0.267667
XX
CC  program: cis-bp
CC  matrix.nb: 1
CC  accession: M0182_0.90.txt_1
CC  AC: M0182_0.90.txt_1
CC  id: da
CC  name: da
CC  version: 
CC  matrix.nb: 1
CC  consensus.strict: acacctgca
CC  consensus.strict.rc: TGCAGGTGT
CC  consensus.IUPAC: rcacctgbd
CC  consensus.IUPAC.rc: HVCAGGTGY
CC  consensus.regexp: [ag]cacctg[cgt][agt]
CC  consensus.regexp.rc: [ACT][ACG]CAGGTG[CT]
XX
//
AC  M0183_0.90.txt_1
XX
ID  da
XX
DE  scaggtgykm
P0       A     C     G     T
1    0.243429 0.30638 0.338602 0.111589
2    0.0656145 0.91947 0.00853177 0.00638401
3    0.899229 0.0306165 0.0334997 0.0366546
4    0.0641956 0.211016 0.707639 0.0171489
5    0.17014 0.14644 0.683085 0.000335082
6    0.0488691 0.0268199 0.00910793 0.915203
7    0.0669592 0.0112919 0.892551 0.0291975
8    0.0915354 0.316311 0.239063 0.353091
9    0.218368 0.209806 0.258833 0.312993
10   0.260006 0.287351 0.215015 0.237628
XX
CC  program: cis-bp
CC  matrix.nb: 1
CC  accession: M0183_0.90.txt_1
CC  AC: M0183_0.90.txt_1
CC  id: da
CC  name: da
CC  version: 
CC  matrix.nb: 1
CC  consensus.strict: gcaggtgttc
CC  consensus.strict.rc: GAACACCTGC
CC  consensus.IUPAC: scaggtgykm
CC  consensus.IUPAC.rc: KMRCACCTGS
CC  consensus.regexp: [cg]caggtg[ct][gt][ac]
CC  consensus.regexp.rc: [GT][AC][AG]CACCTG[CG]
XX
//
AC  M0184_0.90.txt_1
XX
ID  da
XX
DE  vcaggtgb
P0       A     C     G     T
1    0.258484 0.297327 0.32209 0.122099
2    0.0213367 0.973045 0.00300546 0.00261282
3    0.939038 0.0316537 0.0175465 0.0117618
4    0.00688338 0.186627 0.803606 0.0028838
5    0.203145 0.138923 0.654532 0.00340049
6    0.0042431 0.00692607 0.00121567 0.987615
7    0.00330192 0.000974827 0.986837 0.00888625
8    0.117426 0.319197 0.253613 0.309764
XX
CC  program: cis-bp
CC  matrix.nb: 1
CC  accession: M0184_0.90.txt_1
CC  AC: M0184_0.90.txt_1
CC  id: da
CC  name: da
CC  version: 
CC  matrix.nb: 1
CC  consensus.strict: gcaggtgc
CC  consensus.strict.rc: GCACCTGC
CC  consensus.IUPAC: vcaggtgb
CC  consensus.IUPAC.rc: VCACCTGB
CC  consensus.regexp: [acg]caggtg[cgt]
CC  consensus.regexp.rc: [ACG]CACCTG[CGT]
XX
//
AC  M0185_0.90.txt_1
XX
ID  HLH106
XX
DE  rtsrsgtgay
P0       A     C     G     T
1    0.393016 0.151995 0.362799 0.0921898
2    0.117172 0.11835 0.0696614 0.694816
3    0.128123 0.47962 0.327993 0.0642636
4    0.397372 0.00270438 0.46632 0.133603
5    0.00028771 0.485023 0.315512 0.199177
6    0.212693 0.139749 0.57816 0.0693975
7    0.0990095 0.160007 0.00204463 0.738939
8    0.0554499 0.025674 0.841747 0.077129
9    0.578926 0.0730522 0.141341 0.206681
10   0.101129 0.261489 0.146407 0.490975
XX
CC  program: cis-bp
CC  matrix.nb: 1
CC  accession: M0185_0.90.txt_1
CC  AC: M0185_0.90.txt_1
CC  id: HLH106
CC  name: HLH106
CC  version: 
CC  matrix.nb: 1
CC  consensus.strict: atcgcgtgat
CC  consensus.strict.rc: ATCACGCGAT
CC  consensus.IUPAC: rtsrsgtgay
CC  consensus.IUPAC.rc: RTCACSYSAY
CC  consensus.regexp: [ag]t[cg][ag][cg]gtga[ct]
CC  consensus.regexp.rc: [AG]TCAC[CG][CT][CG]A[CT]
XX
//
AC  M0186_0.90.txt_1
XX
ID  HLH106
XX
DE  tcrsgtgay
P0       A     C     G     T
1    0.190879 0.157849 0.0947877 0.556484
2    0.170856 0.539597 0.219384 0.0701631
3    0.419429 2.12562e-05 0.440934 0.139616
4    0.0690441 0.466261 0.306355 0.15834
5    0.21318 0.144335 0.615315 0.0271706
6    0.0982556 0.190104 2.13382e-07 0.71164
7    6.89914e-05 0.0971471 0.81748 0.0853044
8    0.643168 0.0601238 0.136511 0.160197
9    0.00141579 0.316616 0.110796 0.571172
XX
CC  program: cis-bp
CC  matrix.nb: 1
CC  accession: M0186_0.90.txt_1
CC  AC: M0186_0.90.txt_1
CC  id: HLH106
CC  name: HLH106
CC  version: 
CC  matrix.nb: 1
CC  consensus.strict: tcgcgtgat
CC  consensus.strict.rc: ATCACGCGA
CC  consensus.IUPAC: tcrsgtgay
CC  consensus.IUPAC.rc: RTCACSYGA
CC  consensus.regexp: tc[ag][cg]gtga[ct]
CC  consensus.regexp.rc: [AG]TCAC[CG][CT]GA
XX
//
AC  M0188_0.90.txt_1
XX
ID  HLH106
XX
DE  tsrcgtga
P0       A     C     G     T
1    0.077454 0.000766871 0.000766871 0.921012
2    0.000586854 0.704812 0.294014 0.000586854
3    0.411385 0.000586854 0.587441 0.000586854
4    0.000586854 0.822183 0.117958 0.0592723
5    0.000586854 0.000586854 0.998239 0.000586854
6    0.000586854 0.0592723 0.000586854 0.939554
7    0.000586854 0.000586854 0.998239 0.000586854
8    0.844325 0.000766871 0.077454 0.077454
XX
CC  program: cis-bp
CC  matrix.nb: 1
CC  accession: M0188_0.90.txt_1
CC  AC: M0188_0.90.txt_1
CC  id: HLH106
CC  name: HLH106
CC  version: 
CC  matrix.nb: 1
CC  consensus.strict: tcgcgtga
CC  consensus.strict.rc: TCACGCGA
CC  consensus.IUPAC: tsrcgtga
CC  consensus.IUPAC.rc: TCACGYSA
CC  consensus.regexp: t[cg][ag]cgtga
CC  consensus.regexp.rc: TCACG[CT][CG]A
XX
//
AC  M0189_0.90.txt_1
XX
ID  h_dpn
XX
DE  sscacgygyc
P0       A     C     G     T
1    0.187192 0.257787 0.376958 0.178062
2    0.208846 0.299345 0.396073 0.0957363
3    0.0401927 0.874529 0.0142063 0.0710715
4    0.742947 0.0334692 0.141263 0.0823209
5    0.0292232 0.832942 0.0559783 0.0818562
6    0.16483 0.0406466 0.768864 0.0256595
7    0.11579 0.469552 0.0668051 0.347853
8    0.0582071 0.112619 0.661167 0.168007
9    0.225947 0.301962 0.151457 0.320634
10   0.21714 0.383962 0.198451 0.200446
XX
CC  program: cis-bp
CC  matrix.nb: 1
CC  accession: M0189_0.90.txt_1
CC  AC: M0189_0.90.txt_1
CC  id: h_dpn
CC  name: h_dpn
CC  version: 
CC  matrix.nb: 1
CC  consensus.strict: ggcacgcgtc
CC  consensus.strict.rc: GACGCGTGCC
CC  consensus.IUPAC: sscacgygyc
CC  consensus.IUPAC.rc: GRCRCGTGSS
CC  consensus.regexp: [cg][cg]cacg[ct]g[ct]c
CC  consensus.regexp.rc: G[AG]C[AG]CGTG[CG][CG]
XX
//
AC  M0191_0.90.txt_1
XX
ID  FBgn0263112
XX
DE  cacgtgay
P0       A     C     G     T
1    0.00934839 0.990466 9.25583e-05     0
2    0.627974 0.0579147 0.140532 0.173579
3    7.46046e-05 0.872948 0.022456 0.104521
4    0.126902 0.0448374 0.828186     0
5    0.0821397 0.0299164 0.0373769 0.850567
6    7.46046e-05 7.46046e-05 0.999776     0
7    0.855638 0.0721362 0.0451189 0.0271073
8    0.0148442 0.632128 0.0736332 0.279394
XX
CC  program: cis-bp
CC  matrix.nb: 1
CC  accession: M0191_0.90.txt_1
CC  AC: M0191_0.90.txt_1
CC  id: FBgn0263112
CC  name: FBgn0263112
CC  version: 
CC  matrix.nb: 1
CC  consensus.strict: cacgtgac
CC  consensus.strict.rc: GTCACGTG
CC  consensus.IUPAC: cacgtgay
CC  consensus.IUPAC.rc: RTCACGTG
CC  consensus.regexp: cacgtga[ct]
CC  consensus.regexp.rc: [AG]TCACGTG
XX
//
AC  M0192_0.90.txt_1
XX
ID  Oli
XX
DE  arcatatggy
P0       A     C     G     T
1    0.412746 0.175491 0.236272 0.175491
2    0.413869 0.220536 0.298563 0.0670327
3    4.60189e-05 0.999862 4.60189e-05     0
4    0.999862 4.60189e-05 4.60189e-05     0
5    4.60189e-05 4.60189e-05 4.60189e-05 0.999862
6    0.999862 4.60189e-05 4.60189e-05     0
7    4.60189e-05 4.60189e-05 4.60189e-05 0.999862
8    4.60189e-05 4.60189e-05 0.999862     0
9    0.0745553 0.134874 0.651658 0.138914
10   0.183013 0.272775 0.183013 0.361199
XX
CC  program: cis-bp
CC  matrix.nb: 1
CC  accession: M0192_0.90.txt_1
CC  AC: M0192_0.90.txt_1
CC  id: Oli
CC  name: Oli
CC  version: 
CC  matrix.nb: 1
CC  consensus.strict: aacatatggt
CC  consensus.strict.rc: ACCATATGTT
CC  consensus.IUPAC: arcatatggy
CC  consensus.IUPAC.rc: RCCATATGYT
CC  consensus.regexp: a[ag]catatgg[ct]
CC  consensus.regexp.rc: [AG]CCATATG[CT]T
XX
//
AC  M0193_0.90.txt_1
XX
ID  HLH54F
XX
DE  rmcakmtgky
P0       A     C     G     T
1    0.349915 0.146774 0.278558 0.224752
2    0.357002 0.417355 0.173504 0.0521386
3    0.139509 0.827857 0.0320015 0.000632758
4    0.724593 4.15669e-11 0.227645 0.0477625
5    0.064454 0.126184 0.294078 0.515285
6    0.515285 0.294078 0.126184 0.064454
7    0.0477625 0.227645 4.15669e-11 0.724593
8    0.000632758 0.0320015 0.827857 0.139509
9    0.0521386 0.173504 0.417355 0.357002
10   0.224752 0.278558 0.146774 0.349915
XX
CC  program: cis-bp
CC  matrix.nb: 1
CC  accession: M0193_0.90.txt_1
CC  AC: M0193_0.90.txt_1
CC  id: HLH54F
CC  name: HLH54F
CC  version: 
CC  matrix.nb: 1
CC  consensus.strict: accatatggt
CC  consensus.strict.rc: ACCATATGGT
CC  consensus.IUPAC: rmcakmtgky
CC  consensus.IUPAC.rc: RMCAKMTGKY
CC  consensus.regexp: [ag][ac]ca[gt][ac]tg[gt][ct]
CC  consensus.regexp.rc: [AG][AC]CA[GT][AC]TG[GT][CT]
XX
//
AC  M0199_0.90.txt_1
XX
ID  FBgn0263112
XX
DE  rtcacgtgay
P0       A     C     G     T
1    0.317421 0.183419 0.333604 0.165555
2    0.190817 0.212307 0.221545 0.375331
3    0.065189 0.842821 0.0392093 0.052781
4    0.673632 0.0695698 0.110745 0.146054
5    0.0200292 0.798818 0.0388812 0.142271
6    0.142271 0.0388812 0.798818 0.0200292
7    0.146054 0.110745 0.0695698 0.673632
8    0.052781 0.0392093 0.842821 0.065189
9    0.375331 0.221545 0.212307 0.190817
10   0.165555 0.333604 0.183419 0.317421
XX
CC  program: cis-bp
CC  matrix.nb: 1
CC  accession: M0199_0.90.txt_1
CC  AC: M0199_0.90.txt_1
CC  id: FBgn0263112
CC  name: FBgn0263112
CC  version: 
CC  matrix.nb: 1
CC  consensus.strict: gtcacgtgac
CC  consensus.strict.rc: GTCACGTGAC
CC  consensus.IUPAC: rtcacgtgay
CC  consensus.IUPAC.rc: RTCACGTGAY
CC  consensus.regexp: [ag]tcacgtga[ct]
CC  consensus.regexp.rc: [AG]TCACGTGA[CT]
XX
//
AC  M0200_0.90.txt_1
XX
ID  FBgn0263112
XX
DE  ccwcgtgayy
P0       A     C     G     T
1    0.226573 0.315155 0.217689 0.240583
2    0.101241 0.786428 0.0584108 0.05392
3    0.423071 0.135306 0.190098 0.251525
4    0.0283959 0.710696 0.0691477 0.19176
5    0.228588 0.0948143 0.659789 0.0168091
6    0.0988056 0.0374555 0.0885134 0.775226
7    0.0027613 0.0114238 0.958819 0.0269964
8    0.605853 0.143543 0.142115 0.108488
9    0.09487 0.408506 0.108041 0.388583
10   0.225482 0.289525 0.204025 0.280968
XX
CC  program: cis-bp
CC  matrix.nb: 1
CC  accession: M0200_0.90.txt_1
CC  AC: M0200_0.90.txt_1
CC  id: FBgn0263112
CC  name: FBgn0263112
CC  version: 
CC  matrix.nb: 1
CC  consensus.strict: ccacgtgacc
CC  consensus.strict.rc: GGTCACGTGG
CC  consensus.IUPAC: ccwcgtgayy
CC  consensus.IUPAC.rc: RRTCACGWGG
CC  consensus.regexp: cc[at]cgtga[ct][ct]
CC  consensus.regexp.rc: [AG][AG]TCACG[AT]GG
XX
//
AC  M0205_0.90.txt_1
XX
ID  da
XX
DE  mrcayctgs
P0       A     C     G     T
1    0.280792 0.275232 0.220878 0.223098
2    0.362691 0.243119 0.302945 0.0912452
3    0.0130076 0.930323 0.00846154 0.0482083
4    0.974963 0.000159199 0.0213788 0.00349873
5    0.0263299 0.578654 0.142694 0.252322
6    0.0523449 0.778878 0.136709 0.0320679
7    0.041743 0.0421625 0.0434466 0.872648
8    0.0201733 0.00102466 0.919989 0.0588129
9    0.101013 0.300439 0.352569 0.245979
XX
CC  program: cis-bp
CC  matrix.nb: 1
CC  accession: M0205_0.90.txt_1
CC  AC: M0205_0.90.txt_1
CC  id: da
CC  name: da
CC  version: 
CC  matrix.nb: 1
CC  consensus.strict: aacacctgg
CC  consensus.strict.rc: CCAGGTGTT
CC  consensus.IUPAC: mrcayctgs
CC  consensus.IUPAC.rc: SCAGRTGYK
CC  consensus.regexp: [ac][ag]ca[ct]ctg[cg]
CC  consensus.regexp.rc: [CG]CAG[AG]TG[CT][GT]
XX
//
AC  M0206_0.90.txt_1
XX
ID  FBgn0263112
XX
DE  ccacgtgayy
P0       A     C     G     T
1    0.19869 0.340953 0.215238 0.245119
2    0.0599986 0.88388 0.0283413 0.0277801
3    0.461135 0.109256 0.191271 0.238338
4    0.0125827 0.79817 0.0328622 0.156385
5    0.193629 0.0734016 0.724836 0.00813313
6    0.0504831 0.0159848 0.0520205 0.881512
7    0.00187103 0.00273598 0.988797 0.00659617
8    0.727507 0.100446 0.0945969 0.0774494
9    0.0594629 0.461902 0.0810732 0.397562
10   0.220107 0.312347 0.193275 0.274271
XX
CC  program: cis-bp
CC  matrix.nb: 1
CC  accession: M0206_0.90.txt_1
CC  AC: M0206_0.90.txt_1
CC  id: FBgn0263112
CC  name: FBgn0263112
CC  version: 
CC  matrix.nb: 1
CC  consensus.strict: ccacgtgacc
CC  consensus.strict.rc: GGTCACGTGG
CC  consensus.IUPAC: ccacgtgayy
CC  consensus.IUPAC.rc: RRTCACGTGG
CC  consensus.regexp: ccacgtga[ct][ct]
CC  consensus.regexp.rc: [AG][AG]TCACGTGG
XX
//
AC  M0207_0.90.txt_1
XX
ID  nau
XX
DE  vcavctgty
P0       A     C     G     T
1    0.289475 0.254187 0.269905 0.186433
2    0.0525899 0.774738 0.0520667 0.120605
3    0.533145 0.105509 0.232478 0.128869
4    0.266544 0.300527 0.261266 0.171664
5    0.190214 0.458588 0.173843 0.177355
6    0.000604387 0.000377743 0.000312378 0.998705
7    0.00176529 0.00213467 0.869844 0.126256
8    0.234495 0.165246 0.14656 0.453699
9    0.0183433 0.468373 0.0721873 0.441097
