AC  M0083_0.90.txt_1
XX
ID  Tcfap2a_Tcfap2b_Tcfap2c_Tcfap2e_Tcfap2d
XX
DE  scytsrggcr
P0       A     C     G     T
1    0.119865 0.435445 0.349453 0.095237
2    0.00137598 0.943092 0.00043135 0.0551008
3    0.0221798 0.651437 0.0247588 0.301624
4    0.0922497 0.229178 0.248265 0.430307
5    0.20183 0.329451 0.336106 0.132612
6    0.385087 0.191229 0.377462 0.0462226
7    0.108046 0.000323861 0.891193 0.000437167
8    0.000929455 0.000370406 0.989147 0.00955289
9    0.0249423 0.669524 0.19375 0.111784
10   0.342181 0.102037 0.335405 0.220377
XX
CC  program: cis-bp
CC  matrix.nb: 1
CC  accession: M0083_0.90.txt_1
CC  AC: M0083_0.90.txt_1
CC  id: Tcfap2a_Tcfap2b_Tcfap2c_Tcfap2e_Tcfap2d
CC  name: Tcfap2a_Tcfap2b_Tcfap2c_Tcfap2e_Tcfap2d
CC  version: 
CC  matrix.nb: 1
CC  consensus.strict: ccctgaggca
CC  consensus.strict.rc: TGCCTCAGGG
CC  consensus.IUPAC: scytsrggcr
CC  consensus.IUPAC.rc: YGCCYSARGS
CC  consensus.regexp: [cg]c[ct]t[cg][ag]ggc[ag]
CC  consensus.regexp.rc: [CT]GCC[CT][CG]A[AG]G[CG]
XX
//
AC  M0084_0.90.txt_1
XX
ID  Tcfap2a_Tcfap2b_Tcfap2c_Tcfap2e_Tcfap2d
XX
DE  tcsccysagg
P0       A     C     G     T
1    0.163199 0.129667 0.108307 0.598826
2    0.203446 0.349115 0.246017 0.201422
3    0.00130116 0.331377 0.667311     0
4    4.49451e-05 0.99993 1.07558e-05     0
5    0.0002132 0.948115 2.2697e-05 0.0516492
6    0.0200372 0.286458 0.155647 0.537857
7    0.106547 0.394882 0.390953 0.107618
8    0.565281 0.177208 0.234469 0.0230421
9    0.100634 9.26882e-05 0.899183     0
10   0.000119741 3.75373e-05 0.999823     0
XX
CC  program: cis-bp
CC  matrix.nb: 1
CC  accession: M0084_0.90.txt_1
CC  AC: M0084_0.90.txt_1
CC  id: Tcfap2a_Tcfap2b_Tcfap2c_Tcfap2e_Tcfap2d
CC  name: Tcfap2a_Tcfap2b_Tcfap2c_Tcfap2e_Tcfap2d
CC  version: 
CC  matrix.nb: 1
CC  consensus.strict: tcgcctcagg
CC  consensus.strict.rc: CCTGAGGCGA
CC  consensus.IUPAC: tcsccysagg
CC  consensus.IUPAC.rc: CCTSRGGSGA
CC  consensus.regexp: tc[cg]cc[ct][cg]agg
CC  consensus.regexp.rc: CCT[CG][AG]GG[CG]GA
XX
//
AC  M0085_0.90.txt_1
XX
ID  Tcfap2a_Tcfap2b_Tcfap2c_Tcfap2e
XX
DE  ysccysaggs
P0       A     C     G     T
1    0.194725 0.400049 0.150143 0.255083
2    0.0896002 0.325498 0.52603 0.0588715
3    8.60885e-05 0.989917 0.000243563 0.00975345
4    0.00124809 0.813717 0.0123248 0.17271
5    0.0706894 0.449572 0.225494 0.254244
6    0.114154 0.272476 0.444767 0.168603
7    0.586691 0.182089 0.161499 0.0697208
8    0.199175 0.00192357 0.791701 0.00720074
9    0.0193589 0.000265312 0.975696 0.00467931
10   0.0617475 0.509308 0.305837 0.123107
XX
CC  program: cis-bp
CC  matrix.nb: 1
CC  accession: M0085_0.90.txt_1
CC  AC: M0085_0.90.txt_1
CC  id: Tcfap2a_Tcfap2b_Tcfap2c_Tcfap2e
CC  name: Tcfap2a_Tcfap2b_Tcfap2c_Tcfap2e
CC  version: 
CC  matrix.nb: 1
CC  consensus.strict: cgcccgaggc
CC  consensus.strict.rc: GCCTCGGGCG
CC  consensus.IUPAC: ysccysaggs
CC  consensus.IUPAC.rc: SCCTSRGGSR
CC  consensus.regexp: [ct][cg]cc[ct][cg]agg[cg]
CC  consensus.regexp.rc: [CG]CCT[CG][AG]GG[CG][AG]
XX
//
AC  M0086_0.90.txt_1
XX
ID  Tcfap2a_Tcfap2b_Tcfap2c_Tcfap2e_Tcfap2d
XX
DE  ccksrggcra
P0       A     C     G     T
1    0.0375172 0.957955 0.00165665 0.0028714
2    0.0390545 0.841307 0.0011331 0.118505
3    0.0597563 0.230506 0.254748 0.45499
4    0.170862 0.391841 0.31446 0.122837
5    0.535013 0.13595 0.327763 0.00127416
6    0.061775 0.000164228 0.937765 0.000296265
7    0.038397 0.000168298 0.961004 0.000430839
8    0.0275279 0.753855 0.213834 0.00478363
9    0.321576 0.134725 0.321576 0.222124
10   0.474516 0.135951 0.176319 0.213214
XX
CC  program: cis-bp
CC  matrix.nb: 1
CC  accession: M0086_0.90.txt_1
CC  AC: M0086_0.90.txt_1
CC  id: Tcfap2a_Tcfap2b_Tcfap2c_Tcfap2e_Tcfap2d
CC  name: Tcfap2a_Tcfap2b_Tcfap2c_Tcfap2e_Tcfap2d
CC  version: 
CC  matrix.nb: 1
CC  consensus.strict: cctcaggcaa
CC  consensus.strict.rc: TTGCCTGAGG
CC  consensus.IUPAC: ccksrggcra
CC  consensus.IUPAC.rc: TYGCCYSMGG
CC  consensus.regexp: cc[gt][cg][ag]ggc[ag]a
CC  consensus.regexp.rc: T[CT]GCC[CT][CG][AC]GG
XX
//
AC  M0101_0.90.txt_1
XX
ID  Arid3b_Arid3a
XX
DE  ydatyaaaw
P0       A     C     G     T
1    0.196725 0.270916 0.204754 0.327605
2    0.403679 0.0815014 0.259984 0.254836
3    0.999299 9.50887e-05 0.000187693 0.000417719
4    0.000504388 0.00124059 0.000417108 0.997838
5    0.165827 0.376511 0.0331468 0.424515
6    0.732498 0.0533279 0.119876 0.094298
7    0.66103 0.0931116 0.113727 0.132132
8    0.510165 0.0989618 0.174991 0.215882
9    0.335782 0.227343 0.14496 0.291915
XX
CC  program: cis-bp
CC  matrix.nb: 1
CC  accession: M0101_0.90.txt_1
CC  AC: M0101_0.90.txt_1
CC  id: Arid3b_Arid3a
CC  name: Arid3b_Arid3a
CC  version: 
CC  matrix.nb: 1
CC  consensus.strict: taattaaaa
CC  consensus.strict.rc: TTTTAATTA
CC  consensus.IUPAC: ydatyaaaw
CC  consensus.IUPAC.rc: WTTTRATHR
CC  consensus.regexp: [ct][agt]at[ct]aaa[at]
CC  consensus.regexp.rc: [AT]TTT[AG]AT[ACT][AG]
XX
//
AC  M0104_0.90.txt_1
XX
ID  Arid3b_Arid3a_Arid3c
XX
DE  wtttdatwa
P0       A     C     G     T
1    0.280526 0.184318 0.225127 0.310029
2    0.226709 0.176561 0.10709 0.489639
3    0.139203 0.122233 0.102098 0.636466
4    0.115272 0.102237 0.056673 0.725817
5    0.377683 0.0491097 0.312329 0.260879
6    0.967814 0.0101253 0.0106445 0.0114163
7    0.000385606 0.000207435 0.000100969 0.999306
8    0.294769 0.222782 0.115145 0.367305
9    0.296025 0.225979 0.22825 0.249746
XX
CC  program: cis-bp
CC  matrix.nb: 1
CC  accession: M0104_0.90.txt_1
CC  AC: M0104_0.90.txt_1
CC  id: Arid3b_Arid3a_Arid3c
CC  name: Arid3b_Arid3a_Arid3c
CC  version: 
CC  matrix.nb: 1
CC  consensus.strict: ttttaatta
CC  consensus.strict.rc: TAATTAAAA
CC  consensus.IUPAC: wtttdatwa
CC  consensus.IUPAC.rc: TWATHAAAW
CC  consensus.regexp: [at]ttt[agt]at[at]a
CC  consensus.regexp.rc: T[AT]AT[ACT]AAA[AT]
XX
//
AC  M0105_0.90.txt_1
XX
ID  Arid3b_Arid3a_Arid3c
XX
DE  awattaatwaa
P0       A     C     G     T
1    0.467943 0.177352 0.177352 0.177352
2    0.273411 0.0800673 0.0800673 0.566454
3    0.609177 0.119174 0.0337487 0.237901
4    0.104443 0.000140595 0.000140595 0.895276
5    0.000140595 0.000140595 0.000140595 0.999578
6    0.999578 0.000140595 0.000140595 0.000140595
7    0.910941 0.000140595 0.000140595 0.0887778
8    0.0887778 0.000140595 0.000140595 0.910941
9    0.261793 0.167866 0.0727882 0.497552
10   0.48978 0.170073 0.170073 0.170073
11   0.350824 0.216392 0.216392 0.216392
XX
CC  program: cis-bp
CC  matrix.nb: 1
CC  accession: M0105_0.90.txt_1
CC  AC: M0105_0.90.txt_1
CC  id: Arid3b_Arid3a_Arid3c
CC  name: Arid3b_Arid3a_Arid3c
CC  version: 
CC  matrix.nb: 1
CC  consensus.strict: atattaattaa
CC  consensus.strict.rc: TTAATTAATAT
CC  consensus.IUPAC: awattaatwaa
CC  consensus.IUPAC.rc: TTWATTAATWT
CC  consensus.regexp: a[at]attaat[at]aa
CC  consensus.regexp.rc: TT[AT]ATTAAT[AT]T
XX
//
AC  M0106_0.90.txt_1
XX
ID  Arid3b_Arid3a_Arid3c
XX
DE  ywatyaaaw
P0       A     C     G     T
1    0.246578 0.267115 0.232219 0.254088
2    0.378326 0.089636 0.246105 0.285933
3    0.932211 0.0200366 0.0244727 0.0232792
4    0.109459 0.0571426 0.0942122 0.739186
5    0.198441 0.333784 0.113351 0.354424
6    0.708755 0.0564588 0.138866 0.0959196
7    0.607308 0.100387 0.141039 0.151265
8    0.519306 0.108039 0.187259 0.185396
9    0.347377 0.202433 0.18501 0.26518
XX
CC  program: cis-bp
CC  matrix.nb: 1
CC  accession: M0106_0.90.txt_1
CC  AC: M0106_0.90.txt_1
CC  id: Arid3b_Arid3a_Arid3c
CC  name: Arid3b_Arid3a_Arid3c
CC  version: 
CC  matrix.nb: 1
CC  consensus.strict: caattaaaa
CC  consensus.strict.rc: TTTTAATTG
CC  consensus.IUPAC: ywatyaaaw
CC  consensus.IUPAC.rc: WTTTRATWR
CC  consensus.regexp: [ct][at]at[ct]aaa[at]
CC  consensus.regexp.rc: [AT]TTT[AG]AT[AT][AG]
XX
//
AC  M0107_0.90.txt_1
XX
ID  Arid3b_Arid3a_Arid3c
XX
DE  wtttratww
P0       A     C     G     T
1    0.287207 0.13703 0.210651 0.365112
2    0.219872 0.145918 0.0769416 0.557268
3    0.118816 0.0765217 0.0713484 0.733314
4    0.0706817 0.0821204 0.0602309 0.786967
5    0.408983 0.0393964 0.306027 0.245593
6    0.964659 0.0123268 0.0132206 0.00979404
7    0.00082565 0.0174339 0.000894416 0.980846
8    0.322598 0.238987 0.0924259 0.345989
9    0.300945 0.229735 0.199722 0.269597
XX
CC  program: cis-bp
CC  matrix.nb: 1
CC  accession: M0107_0.90.txt_1
CC  AC: M0107_0.90.txt_1
CC  id: Arid3b_Arid3a_Arid3c
CC  name: Arid3b_Arid3a_Arid3c
CC  version: 
CC  matrix.nb: 1
CC  consensus.strict: ttttaatta
CC  consensus.strict.rc: TAATTAAAA
CC  consensus.IUPAC: wtttratww
CC  consensus.IUPAC.rc: WWATYAAAW
CC  consensus.regexp: [at]ttt[ag]at[at][at]
CC  consensus.regexp.rc: [AT][AT]AT[CT]AAA[AT]
XX
//
AC  M0108_0.90.txt_1
XX
ID  Arid5b_Arid5a
XX
DE  yaatwycr
P0       A     C     G     T
1    0.215558 0.305892 0.198985 0.279564
2    0.497422 0.0679954 0.230313 0.204269
3    0.835696 0.0672398 0.00164586 0.0954178
4    0.0591115 0.0621422 0.0166004 0.862146
5    0.541038 0.0777493 0.128187 0.253025
6    0.188467 0.31073 0.0855349 0.415268
7    0.205969 0.31981 0.24659 0.227631
8    0.296771 0.18923 0.302766 0.211233
XX
CC  program: cis-bp
CC  matrix.nb: 1
CC  accession: M0108_0.90.txt_1
CC  AC: M0108_0.90.txt_1
CC  id: Arid5b_Arid5a
CC  name: Arid5b_Arid5a
CC  version: 
CC  matrix.nb: 1
CC  consensus.strict: caatatcg
CC  consensus.strict.rc: CGATATTG
CC  consensus.IUPAC: yaatwycr
CC  consensus.IUPAC.rc: YGRWATTR
CC  consensus.regexp: [ct]aat[at][ct]c[ag]
CC  consensus.regexp.rc: [CT]G[AG][AT]ATT[AG]
XX
//
AC  M0109_0.90.txt_1
XX
ID  Arid5b_Arid5a
XX
DE  grwaatattkw
P0       A     C     G     T
1    0.226414 0.226414 0.320759 0.226414
2    0.368385 0.176936 0.277743 0.176936
3    0.257042 0.149621 0.0510925 0.542245
4    0.902432 0.000154848 0.0972586 0.000154848
5    0.999535 0.000154848 0.000154848 0.000154848
6    0.000154848 0.000154848 0.000154848 0.999535
7    0.999535 0.000154848 0.000154848 0.000154848
8    0.000154848 0.000154848 0.000154848 0.999535
9    0.0237413 0.0237413 0.0237413 0.928776
10   0.177718 0.0732192 0.466267 0.282795
11   0.301956 0.199062 0.199062 0.29992
XX
CC  program: cis-bp
CC  matrix.nb: 1
CC  accession: M0109_0.90.txt_1
CC  AC: M0109_0.90.txt_1
CC  id: Arid5b_Arid5a
CC  name: Arid5b_Arid5a
CC  version: 
CC  matrix.nb: 1
CC  consensus.strict: gataatattga
CC  consensus.strict.rc: TCAATATTATC
CC  consensus.IUPAC: grwaatattkw
CC  consensus.IUPAC.rc: WMAATATTWYC
CC  consensus.regexp: g[ag][at]aatatt[gt][at]
CC  consensus.regexp.rc: [AT][AC]AATATT[AT][CT]C
XX
//
AC  M0110_0.90.txt_1
XX
ID  Arid3b_Arid3a_Arid3c
XX
DE  wtttratwm
P0       A     C     G     T
1    0.252147 0.208515 0.237463 0.301875
2    0.224942 0.238851 0.146327 0.389881
3    0.17209 0.177331 0.163697 0.486881
4    0.160789 0.162405 0.109957 0.566849
5    0.331941 0.110494 0.318925 0.23864
6    0.779062 0.0735592 0.109737 0.0376409
7    0.0322647 0.106057 0.0211994 0.840479
8    0.283413 0.236726 0.157103 0.322758
9    0.26004 0.257453 0.240047 0.24246
XX
CC  program: cis-bp
CC  matrix.nb: 1
CC  accession: M0110_0.90.txt_1
CC  AC: M0110_0.90.txt_1
CC  id: Arid3b_Arid3a_Arid3c
CC  name: Arid3b_Arid3a_Arid3c
CC  version: 
CC  matrix.nb: 1
CC  consensus.strict: ttttaatta
CC  consensus.strict.rc: TAATTAAAA
CC  consensus.IUPAC: wtttratwm
CC  consensus.IUPAC.rc: KWATYAAAW
CC  consensus.regexp: [at]ttt[ag]at[at][ac]
CC  consensus.regexp.rc: [GT][AT]AT[CT]AAA[AT]
XX
//
AC  M0111_0.90.txt_1
XX
ID  Arid5b_Arid5a
XX
DE  ryaatwysrv
P0       A     C     G     T
1    0.254993 0.242557 0.254993 0.247457
2    0.204269 0.323578 0.179368 0.292785
3    0.57844 0.0530023 0.217095 0.151462
4    0.923732 0.0202554 0.0219424 0.0340702
5    0.0196062 0.0491977 0.000580333 0.930616
6    0.459114 0.0881728 0.122646 0.330068
7    0.10509 0.294364 0.0748 0.525746
8    0.183789 0.331553 0.255644 0.229015
9    0.310905 0.177592 0.317186 0.194317
10   0.26378 0.250916 0.255984 0.22932
XX
CC  program: cis-bp
CC  matrix.nb: 1
CC  accession: M0111_0.90.txt_1
CC  AC: M0111_0.90.txt_1
CC  id: Arid5b_Arid5a
CC  name: Arid5b_Arid5a
CC  version: 
CC  matrix.nb: 1
CC  consensus.strict: acaatatcga
CC  consensus.strict.rc: TCGATATTGT
CC  consensus.IUPAC: ryaatwysrv
CC  consensus.IUPAC.rc: BYSRWATTRY
CC  consensus.regexp: [ag][ct]aat[at][ct][cg][ag][acg]
CC  consensus.regexp.rc: [CGT][CT][CG][AG][AT]ATT[AG][CT]
XX
//
AC  M0112_0.90.txt_1
XX
ID  Arid3b_Arid3a_Arid3c
XX
DE  tttratwr
P0       A     C     G     T
1    0.228748 0.221987 0.148803 0.400462
2    0.182465 0.170129 0.146431 0.500975
3    0.138322 0.188592 0.0714919 0.601595
4    0.336065 0.060178 0.422972 0.180785
5    0.973889 0.000879235 0.0220056 0.00322618
6    0.0451944 0.000360946 0.000149714 0.954295
7    0.278506 0.244555 0.112105 0.364833
8    0.30042 0.203401 0.269126 0.227052
XX
CC  program: cis-bp
CC  matrix.nb: 1
CC  accession: M0112_0.90.txt_1
CC  AC: M0112_0.90.txt_1
CC  id: Arid3b_Arid3a_Arid3c
CC  name: Arid3b_Arid3a_Arid3c
CC  version: 
CC  matrix.nb: 1
CC  consensus.strict: tttgatta
CC  consensus.strict.rc: TAATCAAA
CC  consensus.IUPAC: tttratwr
CC  consensus.IUPAC.rc: YWATYAAA
CC  consensus.regexp: ttt[ag]at[at][ag]
CC  consensus.regexp.rc: [CT][AT]AT[CT]AAA
XX
//
AC  M0115_0.90.txt_1
XX
ID  Arid3b_Arid3a_Arid3c
XX
DE  yratyaaa
P0       A     C     G     T
1    0.245252 0.271045 0.215355 0.268348
2    0.30832 0.196593 0.254968 0.24012
3    0.941882 0.000248548 0.000593262 0.0572759
4    0.0517629 0.0350464 0.000248248 0.912942
5    0.191668 0.309749 0.0887446 0.409838
6    0.562171 0.100666 0.162683 0.174479
7    0.502612 0.159145 0.175883 0.16236
8    0.416728 0.148775 0.23567 0.198827
XX
CC  program: cis-bp
CC  matrix.nb: 1
CC  accession: M0115_0.90.txt_1
CC  AC: M0115_0.90.txt_1
CC  id: Arid3b_Arid3a_Arid3c
CC  name: Arid3b_Arid3a_Arid3c
CC  version: 
CC  matrix.nb: 1
CC  consensus.strict: caattaaa
CC  consensus.strict.rc: TTTAATTG
CC  consensus.IUPAC: yratyaaa
CC  consensus.IUPAC.rc: TTTRATYR
CC  consensus.regexp: [ct][ag]at[ct]aaa
CC  consensus.regexp.rc: TTT[AG]AT[CT][AG]
XX
//
AC  M0119_0.90.txt_1
XX
ID  Zfp957
XX
DE  ssrrwaawt
P0       A     C     G     T
1    0.241564 0.26697 0.261683 0.229783
2    0.20939 0.306188 0.250685 0.233737
3    0.345181 0.182011 0.303102 0.169706
4    0.32972 0.179153 0.251701 0.239426
5    0.411309 0.0429202 0.202217 0.343554
6    0.710467 0.0477473 0.000514748 0.241271
7    0.886835 0.000920958 0.0450449 0.067199
8    0.454667 0.00977243 0.0380753 0.497485
9    0.212559 0.177544 0.0974383 0.512458
XX
CC  program: cis-bp
CC  matrix.nb: 1
CC  accession: M0119_0.90.txt_1
CC  AC: M0119_0.90.txt_1
CC  id: Zfp957
CC  name: Zfp957
CC  version: 
CC  matrix.nb: 1
CC  consensus.strict: ccaaaaatt
CC  consensus.strict.rc: AATTTTTGG
CC  consensus.IUPAC: ssrrwaawt
CC  consensus.IUPAC.rc: AWTTWYYSS
CC  consensus.regexp: [cg][cg][ag][ag][at]aa[at]t
CC  consensus.regexp.rc: A[AT]TT[AT][CT][CT][CG][CG]
XX
//
AC  M0122_0.90.txt_1
XX
ID  Setbp1_Ahctf1_Phf21a
XX
DE  rcawwwwar
P0       A     C     G     T
1    0.374501 0.137771 0.378264 0.109464
2    0.226206 0.276289 0.249996 0.247509
3    0.606765 0.0567208 0.230014 0.1065
4    0.428552 0.111098 0.20042 0.25993
5    0.47592 0.0467704 0.20546 0.27185
6    0.400042 0.0996406 0.159424 0.340893
7    0.337415 0.202616 0.115736 0.344232
8    0.546503 0.0724966 0.224425 0.156576
9    0.462607 0.0407264 0.319538 0.177129
XX
CC  program: cis-bp
CC  matrix.nb: 1
CC  accession: M0122_0.90.txt_1
CC  AC: M0122_0.90.txt_1
CC  id: Setbp1_Ahctf1_Phf21a
CC  name: Setbp1_Ahctf1_Phf21a
CC  version: 
CC  matrix.nb: 1
CC  consensus.strict: gcaaaataa
CC  consensus.strict.rc: TTATTTTGC
CC  consensus.IUPAC: rcawwwwar
CC  consensus.IUPAC.rc: YTWWWWTGY
CC  consensus.regexp: [ag]ca[at][at][at][at]a[ag]
CC  consensus.regexp.rc: [CT]T[AT][AT][AT][AT]TG[CT]
XX
//
AC  M0123_0.90.txt_1
XX
ID  Hmga1_Hmga2_Hmga1-rs1
XX
DE  ccsrrhwww
P0       A     C     G     T
1    0.245292 0.273814 0.242851 0.238043
2    0.237806 0.293376 0.24261 0.226208
3    0.216345 0.251357 0.297935 0.234364
4    0.25863 0.241145 0.263855 0.23637
5    0.502489 0.000516631 0.411403 0.0855905
6    0.353817 0.295533 0.000353024 0.350297
7    0.360997 0.114305 0.184725 0.339974
8    0.355533 0.121951 0.207186 0.31533
9    0.338774 0.180428 0.203432 0.277365
XX
CC  program: cis-bp
CC  matrix.nb: 1
CC  accession: M0123_0.90.txt_1
CC  AC: M0123_0.90.txt_1
CC  id: Hmga1_Hmga2_Hmga1-rs1
CC  name: Hmga1_Hmga2_Hmga1-rs1
CC  version: 
CC  matrix.nb: 1
CC  consensus.strict: ccggaaaaa
CC  consensus.strict.rc: TTTTTCCGG
CC  consensus.IUPAC: ccsrrhwww
CC  consensus.IUPAC.rc: WWWDYYSGG
CC  consensus.regexp: cc[cg][ag][ag][act][at][at][at]
CC  consensus.regexp.rc: [AT][AT][AT][AGT][CT][CT][CG]GG
XX
//
AC  M0124_0.90.txt_1
XX
ID  Setbp1_Ahctf1_Phf21a
XX
DE  garkmmwwww
P0       A     C     G     T
1    0.16758 0.105791 0.590791 0.135838
2    0.566353 0.167205 0.116655 0.149788
3    0.278495 0.142508 0.403187 0.175809
4    0.198637 0.137205 0.396026 0.268132
5    0.277415 0.413854 0.0861004 0.222631
6    0.361836 0.296246 0.141343 0.200575
7    0.477449 0.0412008 0.216688 0.264663
8    0.560915 0.0153263 0.0766745 0.347085
9    0.651345 0.00215769 0.038824 0.307673
10   0.712595 0.0293389 0.00366531 0.254401
XX
CC  program: cis-bp
CC  matrix.nb: 1
CC  accession: M0124_0.90.txt_1
CC  AC: M0124_0.90.txt_1
CC  id: Setbp1_Ahctf1_Phf21a
CC  name: Setbp1_Ahctf1_Phf21a
CC  version: 
CC  matrix.nb: 1
CC  consensus.strict: gaggcaaaaa
CC  consensus.strict.rc: TTTTTGCCTC
CC  consensus.IUPAC: garkmmwwww
CC  consensus.IUPAC.rc: WWWWKKMYTC
CC  consensus.regexp: ga[ag][gt][ac][ac][at][at][at][at]
CC  consensus.regexp.rc: [AT][AT][AT][AT][GT][GT][AC][CT]TC
XX
//
AC  M0125_0.90.txt_1
XX
ID  Setbp1_Ahctf1_Phf21a
XX
DE  mkrawarh
P0       A     C     G     T
1    0.377279 0.271235 0.194997 0.156489
2    0.2475 0.202636 0.270808 0.279056
3    0.343177 0.177371 0.251702 0.227749
4    0.340293 0.177648 0.244645 0.237414
5    0.346936 0.154337 0.214679 0.284048
6    0.576007 0.0333187 0.178773 0.211901
7    0.732846 1.29006e-06 0.266916 0.000236203
8    0.253553 0.258675 0.0612874 0.426484
XX
CC  program: cis-bp
CC  matrix.nb: 1
CC  accession: M0125_0.90.txt_1
CC  AC: M0125_0.90.txt_1
CC  id: Setbp1_Ahctf1_Phf21a
CC  name: Setbp1_Ahctf1_Phf21a
CC  version: 
CC  matrix.nb: 1
CC  consensus.strict: ataaaaat
CC  consensus.strict.rc: ATTTTTAT
CC  consensus.IUPAC: mkrawarh
CC  consensus.IUPAC.rc: DYTWTYMK
CC  consensus.regexp: [ac][gt][ag]a[at]a[ag][act]
CC  consensus.regexp.rc: [AGT][CT]T[AT]T[CT][AC][GT]
XX
//
AC  M0126_0.90.txt_1
XX
ID  Setbp1_Ahctf1_Phf21a
XX
DE  aaarwaww
P0       A     C     G     T
1    0.421032 0.213302 0.219798 0.145869
2    0.361549 0.210692 0.21281 0.214949
3    0.399952 0.129198 0.233071 0.237779
4    0.407012 0.0813567 0.264765 0.246866
5    0.287986 0.14301 0.130701 0.438304
6    0.780909 0.000177366 0.139834 0.0790798
7    0.562556 0.000620326 0.176353 0.260471
8    0.417051 0.0930567 0.112529 0.377363
XX
CC  program: cis-bp
CC  matrix.nb: 1
CC  accession: M0126_0.90.txt_1
CC  AC: M0126_0.90.txt_1
CC  id: Setbp1_Ahctf1_Phf21a
CC  name: Setbp1_Ahctf1_Phf21a
CC  version: 
CC  matrix.nb: 1
CC  consensus.strict: aaaataaa
CC  consensus.strict.rc: TTTATTTT
CC  consensus.IUPAC: aaarwaww
CC  consensus.IUPAC.rc: WWTWYTTT
CC  consensus.regexp: aaa[ag][at]a[at][at]
CC  consensus.regexp.rc: [AT][AT]T[AT][CT]TTT
XX
//
AC  M0127_0.90.txt_1
XX
ID  Setbp1_Ahctf1_Phf21a
XX
DE  wwawawat
P0       A     C     G     T
1    0.723485 0.000344353 0.000344353 0.275826
2    0.721698 0.000277469 0.000277469 0.277747
3    0.75621 0.000269978 0.000269978 0.243251
4    0.648218 0.000269978 0.000269978 0.351242
5    0.864201 0.000269978 0.000269978 0.135259
6    0.324244 0.000269978 0.000269978 0.675216
7    0.891199 0.000269978 0.000269978 0.108261
8    0.0627341 0.00031211 0.00031211 0.936642
XX
CC  program: cis-bp
CC  matrix.nb: 1
CC  accession: M0127_0.90.txt_1
CC  AC: M0127_0.90.txt_1
CC  id: Setbp1_Ahctf1_Phf21a
CC  name: Setbp1_Ahctf1_Phf21a
CC  version: 
CC  matrix.nb: 1
CC  consensus.strict: aaaaatat
CC  consensus.strict.rc: ATATTTTT
CC  consensus.IUPAC: wwawawat
CC  consensus.IUPAC.rc: ATWTWTWW
CC  consensus.regexp: [at][at]a[at]a[at]at
CC  consensus.regexp.rc: AT[AT]T[AT]T[AT][AT]
XX
//
AC  M0128_0.90.txt_1
XX
ID  Setbp1_Ahctf1_Phf21a
XX
DE  aaaawaaa
P0       A     C     G     T
1    0.990132 0.00328947 0.00328947 0.00328947
2    0.992574 0.00247525 0.00247525 0.00247525
3    0.992574 0.00247525 0.00247525 0.00247525
4    0.992574 0.00247525 0.00247525 0.00247525
5     0.25 0.00247525 0.00247525 0.74505
6    0.992574 0.00247525 0.00247525 0.00247525
7    0.992574 0.00247525 0.00247525 0.00247525
8    0.990132 0.00328947 0.00328947 0.00328947
XX
CC  program: cis-bp
CC  matrix.nb: 1
CC  accession: M0128_0.90.txt_1
CC  AC: M0128_0.90.txt_1
CC  id: Setbp1_Ahctf1_Phf21a
CC  name: Setbp1_Ahctf1_Phf21a
CC  version: 
CC  matrix.nb: 1
CC  consensus.strict: aaaataaa
CC  consensus.strict.rc: TTTATTTT
CC  consensus.IUPAC: aaaawaaa
CC  consensus.IUPAC.rc: TTTWTTTT
CC  consensus.regexp: aaaa[at]aaa
CC  consensus.regexp.rc: TTT[AT]TTTT
XX
//
AC  M0129_0.90.txt_1
XX
ID  Setbp1_Ahctf1_Phf21a
XX
DE  wwwhwwdwww
P0       A     C     G     T
1    0.314753 0.17358 0.119888 0.391779
2    0.398793 0.10259 0.146381 0.352236
3    0.377309 0.146069 0.181421 0.295201
4    0.269905 0.272333 0.0621234 0.395639
5    0.323521 0.171271 0.193764 0.311444
6    0.311444 0.193764 0.171271 0.323521
7    0.395639 0.0621234 0.272333 0.269905
8    0.295201 0.181421 0.146069 0.377309
9    0.352236 0.146381 0.10259 0.398793
10   0.391779 0.119888 0.17358 0.314753
XX
CC  program: cis-bp
CC  matrix.nb: 1
CC  accession: M0129_0.90.txt_1
CC  AC: M0129_0.90.txt_1
CC  id: Setbp1_Ahctf1_Phf21a
CC  name: Setbp1_Ahctf1_Phf21a
CC  version: 
CC  matrix.nb: 1
CC  consensus.strict: taatatatta
CC  consensus.strict.rc: TAATATATTA
CC  consensus.IUPAC: wwwhwwdwww
CC  consensus.IUPAC.rc: WWWHWWDWWW
CC  consensus.regexp: [at][at][at][act][at][at][agt][at][at][at]
CC  consensus.regexp.rc: [AT][AT][AT][ACT][AT][AT][AGT][AT][AT][AT]
XX
//
AC  M0130_0.90.txt_1
XX
ID  Setbp1_Ahctf1_Phf21a
XX
DE  raardwrw
P0       A     C     G     T
1    0.272331 0.232065 0.256472 0.239132
2    0.290589 0.228585 0.247623 0.233203
3    0.328743 0.205465 0.238717 0.227074
4    0.321069 0.190882 0.252562 0.235487
5    0.31252 0.159919 0.25587 0.271692
6    0.448771 0.140683 0.0943029 0.316243
7    0.716851 0.000111344 0.282836 0.000200863
8    0.337735 0.159535 0.0902208 0.41251
XX
CC  program: cis-bp
CC  matrix.nb: 1
CC  accession: M0130_0.90.txt_1
CC  AC: M0130_0.90.txt_1
CC  id: Setbp1_Ahctf1_Phf21a
CC  name: Setbp1_Ahctf1_Phf21a
CC  version: 
CC  matrix.nb: 1
CC  consensus.strict: aaaaaaat
CC  consensus.strict.rc: ATTTTTTT
CC  consensus.IUPAC: raardwrw
CC  consensus.IUPAC.rc: WYWHYTTY
CC  consensus.regexp: [ag]aa[ag][agt][at][ag][at]
CC  consensus.regexp.rc: [AT][CT][AT][ACT][CT]TT[CT]
XX
//
AC  M0131_0.90.txt_1
XX
ID  Setbp1_Ahctf1_Phf21a
XX
DE  yrhwwwwdyr
P0       A     C     G     T
1    0.215163 0.323274 0.194792 0.266771
2    0.289484 0.100082 0.393882 0.216552
3    0.286614 0.288427 0.170297 0.254662
4    0.404746 0.159463 0.16726 0.268531
5    0.42052 0.151365 0.157426 0.270689
6    0.270689 0.157426 0.151365 0.42052
7    0.268531 0.16726 0.159463 0.404746
8    0.254662 0.170297 0.288427 0.286614
9    0.216552 0.393882 0.100082 0.289484
10   0.266771 0.194792 0.323274 0.215163
XX
CC  program: cis-bp
CC  matrix.nb: 1
CC  accession: M0131_0.90.txt_1
CC  AC: M0131_0.90.txt_1
CC  id: Setbp1_Ahctf1_Phf21a
CC  name: Setbp1_Ahctf1_Phf21a
CC  version: 
CC  matrix.nb: 1
CC  consensus.strict: cgcaattgcg
CC  consensus.strict.rc: CGCAATTGCG
CC  consensus.IUPAC: yrhwwwwdyr
CC  consensus.IUPAC.rc: YRHWWWWDYR
CC  consensus.regexp: [ct][ag][act][at][at][at][at][agt][ct][ag]
CC  consensus.regexp.rc: [CT][AG][ACT][AT][AT][AT][AT][AGT][CT][AG]
XX
//
AC  M0132_0.90.txt_1
XX
ID  Setbp1_Ahctf1_Phf21a
XX
DE  aaawaaat
P0       A     C     G     T
1     0.75 0.0833333 0.0833333 0.0833333
2      0.8 0.0666667 0.0666667 0.0666667
3    0.733333 0.0666667 0.0666667 0.133333
4    0.266667 0.0666667 0.0666667   0.6
5    0.733333 0.0666667 0.0666667 0.133333
6    0.666667 0.0666667 0.0666667   0.2
7    0.692308 0.0769231 0.0769231 0.153846
8    0.166667 0.0833333 0.0833333 0.666667
XX
CC  program: cis-bp
CC  matrix.nb: 1
CC  accession: M0132_0.90.txt_1
CC  AC: M0132_0.90.txt_1
CC  id: Setbp1_Ahctf1_Phf21a
CC  name: Setbp1_Ahctf1_Phf21a
CC  version: 
CC  matrix.nb: 1
CC  consensus.strict: aaataaat
CC  consensus.strict.rc: ATTTATTT
CC  consensus.IUPAC: aaawaaat
CC  consensus.IUPAC.rc: ATTTWTTT
CC  consensus.regexp: aaa[at]aaat
CC  consensus.regexp.rc: ATTT[AT]TTT
XX
//
AC  M0133_0.90.txt_1
XX
ID  Hmga1_Hmga2_Hmga1-rs1
XX
DE  smgsrwwwww
P0       A     C     G     T
1    0.237374 0.264976 0.264976 0.232674
2    0.254916 0.278923 0.22609 0.240071
3    0.23484 0.237201 0.304572 0.223387
4    0.201961 0.286597 0.267221 0.244221
5    0.601325 0.000225178 0.320261 0.0781895
6    0.466521 0.184067 0.000331311 0.34908
7    0.391854 0.0701678 0.0641286 0.473849
8    0.43512 0.0835647 0.0756125 0.405703
9    0.376315 0.160843 0.160843 0.302
10   0.303804 0.236603 0.161804 0.297789
XX
CC  program: cis-bp
CC  matrix.nb: 1
CC  accession: M0133_0.90.txt_1
CC  AC: M0133_0.90.txt_1
CC  id: Hmga1_Hmga2_Hmga1-rs1
CC  name: Hmga1_Hmga2_Hmga1-rs1
CC  version: 
CC  matrix.nb: 1
CC  consensus.strict: ccgcaataaa
CC  consensus.strict.rc: TTTATTGCGG
CC  consensus.IUPAC: smgsrwwwww
CC  consensus.IUPAC.rc: WWWWWYSCKS
CC  consensus.regexp: [cg][ac]g[cg][ag][at][at][at][at][at]
CC  consensus.regexp.rc: [AT][AT][AT][AT][AT][CT][CG]C[GT][CG]
XX
//
AC  M0134_0.90.txt_1
XX
ID  Setbp1_Ahctf1_Phf21a
XX
DE  araatatwaatt
P0       A     C     G     T
1    0.319241 0.22692 0.22692 0.22692
2    0.295675 0.203353 0.297619 0.203353
3    0.447891 0.153263 0.153263 0.245584
4    0.759501 0.0801664 0.0801664 0.0801664
5    0.234882 0.000164217 0.000164217 0.76479
6    0.819787 0.000164217 0.000164217 0.179884
7    0.0961328 0.000164217 0.09945 0.804253
8    0.407905 0.000164217 0.000164217 0.591766
9    0.836001 0.11751 0.0232446 0.0232446
10   0.859567 0.046811 0.046811 0.046811
11   0.0969017 0.0969017 0.0969017 0.709295
12   0.169998 0.169998 0.169998 0.490007
XX
CC  program: cis-bp
CC  matrix.nb: 1
CC  accession: M0134_0.90.txt_1
CC  AC: M0134_0.90.txt_1
CC  id: Setbp1_Ahctf1_Phf21a
CC  name: Setbp1_Ahctf1_Phf21a
CC  version: 
CC  matrix.nb: 1
CC  consensus.strict: agaatattaatt
CC  consensus.strict.rc: AATTAATATTCT
CC  consensus.IUPAC: araatatwaatt
CC  consensus.IUPAC.rc: AATTWATATTYT
CC  consensus.regexp: a[ag]aatat[at]aatt
CC  consensus.regexp.rc: AATT[AT]ATATT[CT]T
XX
//
AC  M0135_0.90.txt_1
XX
ID  Hmga1_Hmga2_Hmga1-rs1
XX
DE  mrrdwwww
P0       A     C     G     T
1    0.295752 0.289896 0.225771 0.18858
2    0.256034 0.248467 0.263831 0.231669
3    0.369207 0.13996 0.273515 0.217317
4    0.334398 0.133264 0.250218 0.28212
5    0.408108 0.0815758 0.176185 0.334131
6    0.716329 0.00214715 0.00170598 0.279818
7    0.604747 0.000299635 0.139047 0.255906
8    0.270214 0.135533 0.0766473 0.517606
XX
CC  program: cis-bp
CC  matrix.nb: 1
CC  accession: M0135_0.90.txt_1
CC  AC: M0135_0.90.txt_1
CC  id: Hmga1_Hmga2_Hmga1-rs1
CC  name: Hmga1_Hmga2_Hmga1-rs1
CC  version: 
CC  matrix.nb: 1
CC  consensus.strict: agaaaaat
CC  consensus.strict.rc: ATTTTTCT
CC  consensus.IUPAC: mrrdwwww
CC  consensus.IUPAC.rc: WWWWHYYK
CC  consensus.regexp: [ac][ag][ag][agt][at][at][at][at]
CC  consensus.regexp.rc: [AT][AT][AT][AT][ACT][CT][CT][GT]
XX
//
AC  M0136_0.90.txt_1
XX
ID  Setbp1_Ahctf1_Phf21a
XX
DE  wwawwwaww
P0       A     C     G     T
1    0.353239 0.184407 0.20585 0.256504
2    0.291909 0.20986 0.178831 0.319399
3    0.479754 0.153435 0.207115 0.159696
4    0.353839 0.157408 0.196143 0.29261
5    0.432302 0.0707479 0.192313 0.304638
6    0.389749 0.100033 0.061899 0.448318
7    0.862322 0.000496401 0.0847435 0.0524379
8    0.519591 0.0338873 0.0876228 0.358899
9    0.365816 0.0929563 0.0808123 0.460416
XX
CC  program: cis-bp
CC  matrix.nb: 1
CC  accession: M0136_0.90.txt_1
CC  AC: M0136_0.90.txt_1
CC  id: Setbp1_Ahctf1_Phf21a
CC  name: Setbp1_Ahctf1_Phf21a
CC  version: 
CC  matrix.nb: 1
CC  consensus.strict: ataaataat
CC  consensus.strict.rc: ATTATTTAT
CC  consensus.IUPAC: wwawwwaww
CC  consensus.IUPAC.rc: WWTWWWTWW
CC  consensus.regexp: [at][at]a[at][at][at]a[at][at]
CC  consensus.regexp.rc: [AT][AT]T[AT][AT][AT]T[AT][AT]
XX
//
AC  M0140_0.90.txt_1
XX
ID  Hmga2
XX
DE  crawwwwtyg
P0       A     C     G     T
1    0.201025 0.307957 0.244501 0.246517
2    0.321984 0.166011 0.320153 0.191852
3    0.414247 0.188211 0.19264 0.204903
4    0.43151 0.0644326 0.100297 0.40376
5    0.423723 0.047936 4.88794e-05 0.528292
6    0.528292 4.88794e-05 0.047936 0.423723
7    0.40376 0.100297 0.0644326 0.43151
8    0.204903 0.19264 0.188211 0.414247
9    0.191852 0.320153 0.166011 0.321984
10   0.246517 0.244501 0.307957 0.201025
XX
CC  program: cis-bp
CC  matrix.nb: 1
CC  accession: M0140_0.90.txt_1
CC  AC: M0140_0.90.txt_1
CC  id: Hmga2
CC  name: Hmga2
CC  version: 
CC  matrix.nb: 1
CC  consensus.strict: caaatatttg
CC  consensus.strict.rc: CAAATATTTG
CC  consensus.IUPAC: crawwwwtyg
CC  consensus.IUPAC.rc: CRAWWWWTYG
CC  consensus.regexp: c[ag]a[at][at][at][at]t[ct]g
CC  consensus.regexp.rc: C[AG]A[AT][AT][AT][AT]T[CT]G
XX
//
AC  M0145_0.90.txt_1
XX
ID  Setbp1_Ahctf1_Phf21a
XX
DE  mdrawart
P0       A     C     G     T
1    0.318198 0.263137 0.21979 0.198875
2    0.256386 0.20168 0.264194 0.27774
3    0.322138 0.195387 0.250882 0.231593
4    0.330083 0.190441 0.234943 0.244532
5    0.353662 0.155764 0.212373 0.278201
6    0.54031 0.0723955 0.156357 0.230937
7    0.708523 9.76059e-05 0.290959 0.000420287
8    0.216909 0.228031 0.100432 0.454628
XX
CC  program: cis-bp
CC  matrix.nb: 1
CC  accession: M0145_0.90.txt_1
CC  AC: M0145_0.90.txt_1
CC  id: Setbp1_Ahctf1_Phf21a
CC  name: Setbp1_Ahctf1_Phf21a
CC  version: 
CC  matrix.nb: 1
CC  consensus.strict: ataaaaat
CC  consensus.strict.rc: ATTTTTAT
CC  consensus.IUPAC: mdrawart
CC  consensus.IUPAC.rc: AYTWTYHK
CC  consensus.regexp: [ac][agt][ag]a[at]a[ag]t
CC  consensus.regexp.rc: A[CT]T[AT]T[CT][ACT][GT]
XX
//
AC  M0146_0.90.txt_1
XX
ID  Setbp1_Ahctf1_Phf21a
XX
DE  aaawtaat
P0       A     C     G     T
1    0.839058 0.000399361 0.120208 0.0403355
2    0.88161 0.000293772 0.000293772 0.117803
3    0.832686 0.000277469 0.000277469 0.166759
4    0.693951 0.000277469 0.000277469 0.305494
5    0.166759 0.000277469 0.000277469 0.832686
6    0.832686 0.000277469 0.000277469 0.166759
7    0.764101 0.029671 0.000293772 0.205934
8    0.185281 0.0373521 0.000369822 0.776997
XX
CC  program: cis-bp
CC  matrix.nb: 1
CC  accession: M0146_0.90.txt_1
CC  AC: M0146_0.90.txt_1
CC  id: Setbp1_Ahctf1_Phf21a
CC  name: Setbp1_Ahctf1_Phf21a
CC  version: 
CC  matrix.nb: 1
CC  consensus.strict: aaaataat
CC  consensus.strict.rc: ATTATTTT
CC  consensus.IUPAC: aaawtaat
CC  consensus.IUPAC.rc: ATTAWTTT
CC  consensus.regexp: aaa[at]taat
CC  consensus.regexp.rc: ATTA[AT]TTT
XX
//
AC  M0168_0.90.txt_1
XX
ID  Myf5_Myod1_Myog_Myf6
XX
DE  gacagctg
P0       A     C     G     T
1        0     0     1     0
2        1     0     0     0
3        0     1     0     0
4        1     0     0     0
5        0     0     1     0
6        0     1     0     0
7        0     0     0     1
8        0     0     1     0
XX
CC  program: cis-bp
CC  matrix.nb: 1
CC  accession: M0168_0.90.txt_1
CC  AC: M0168_0.90.txt_1
CC  id: Myf5_Myod1_Myog_Myf6
CC  name: Myf5_Myod1_Myog_Myf6
CC  version: 
CC  matrix.nb: 1
CC  consensus.strict: gacagctg
CC  consensus.strict.rc: CAGCTGTC
CC  consensus.IUPAC: gacagctg
CC  consensus.IUPAC.rc: CAGCTGTC
CC  consensus.regexp: gacagctg
CC  consensus.regexp.rc: CAGCTGTC
XX
//
AC  M0172_0.90.txt_1
XX
ID  Tcfe3_Tcfeb_Tcfec_Mitf
XX
DE  ccwcgtgayy
P0       A     C     G     T
1    0.196384 0.34726 0.225896 0.230459
2    0.0647501 0.863104 0.0362535 0.0358927
3    0.38756 0.115569 0.242226 0.254645
4    0.0144081 0.794559 0.0399563 0.151077
5    0.217483 0.068178 0.707771 0.00656742
6    0.051181 0.0123712 0.0427499 0.893698
7    0.000371359 0.00176723 0.991693 0.00616824
8    0.752255 0.0833522 0.0912018 0.0731912
9    0.0584131 0.481806 0.0692374 0.390544
10   0.218559 0.316415 0.18439 0.280635
XX
CC  program: cis-bp
CC  matrix.nb: 1
CC  accession: M0172_0.90.txt_1
CC  AC: M0172_0.90.txt_1
CC  id: Tcfe3_Tcfeb_Tcfec_Mitf
CC  name: Tcfe3_Tcfeb_Tcfec_Mitf
CC  version: 
CC  matrix.nb: 1
CC  consensus.strict: ccacgtgacc
CC  consensus.strict.rc: GGTCACGTGG
CC  consensus.IUPAC: ccwcgtgayy
CC  consensus.IUPAC.rc: RRTCACGWGG
CC  consensus.regexp: cc[at]cgtga[ct][ct]
CC  consensus.regexp.rc: [AG][AG]TCACG[AT]GG
XX
//
AC  M0173_0.90.txt_1
XX
ID  Mnt
XX
DE  rcacgtgya
P0       A     C     G     T
1    0.271089 0.217554 0.327814 0.183543
2    0.134356 0.788785 0.00163312 0.0752258
3    0.737513 0.00329789 0.226622 0.0325665
4    0.000380394 0.857013 0.0940149 0.0485917
5    0.176069 0.000346759 0.805027 0.0185575
6    0.140331 0.0593827 0.000774144 0.799512
7    0.105506 0.0474067 0.787422 0.0596661
8    0.187233 0.327785 0.221929 0.263053
9    0.292601 0.223365 0.246857 0.237177
XX
CC  program: cis-bp
CC  matrix.nb: 1
CC  accession: M0173_0.90.txt_1
CC  AC: M0173_0.90.txt_1
CC  id: Mnt
CC  name: Mnt
CC  version: 
CC  matrix.nb: 1
CC  consensus.strict: gcacgtgca
CC  consensus.strict.rc: TGCACGTGC
CC  consensus.IUPAC: rcacgtgya
CC  consensus.IUPAC.rc: TRCACGTGY
CC  consensus.regexp: [ag]cacgtg[ct]a
CC  consensus.regexp.rc: T[AG]CACGTG[CT]
XX
//
AC  M0174_0.90.txt_1
XX
ID  Tcfap4
XX
DE  mcakmtgdt
P0       A     C     G     T
1    0.273464 0.424609 0.181484 0.120442
2    0.097576 0.829341 0.0392767 0.0338058
3    0.662486 0.0560363 0.199537 0.081941
4    0.0432903 0.208081 0.467748 0.28088
5    0.299713 0.470043 0.215471 0.0147733
6    0.0043967 0.0723021 0.015656 0.907645
7    0.000715475 0.00017122 0.997439 0.00167396
8    0.378736 0.0820099 0.275019 0.264235
9    0.118253 0.228795 0.178185 0.474767
XX
CC  program: cis-bp
CC  matrix.nb: 1
CC  accession: M0174_0.90.txt_1
CC  AC: M0174_0.90.txt_1
CC  id: Tcfap4
CC  name: Tcfap4
CC  version: 
CC  matrix.nb: 1
CC  consensus.strict: ccagctgat
CC  consensus.strict.rc: ATCAGCTGG
CC  consensus.IUPAC: mcakmtgdt
CC  consensus.IUPAC.rc: AHCAKMTGK
CC  consensus.regexp: [ac]ca[gt][ac]tg[agt]t
CC  consensus.regexp.rc: A[ACT]CA[GT][AC]TG[GT]
XX
//
AC  M0175_0.90.txt_1
XX
ID  Twist2_Tal2_Twist1_Tcf15
XX
DE  macatatgky
P0       A     C     G     T
1    0.365483 0.272271 0.181123 0.181123
2    0.744728 0.154736 0.0502683 0.0502683
3    0.000139305 0.999582 0.000139305 0.000139305
4    0.999582 0.000139305 0.000139305 0.000139305
5    0.000139305 0.210614 0.000139305 0.789108
6    0.782721 0.000139305 0.217001 0.000139305
7    0.000139305 0.000139305 0.000139305 0.999582
8    0.000139305 0.000139305 0.999582 0.000139305
9    0.0690164 0.0690164 0.579511 0.282456
10   0.199871 0.29843 0.199871 0.301828
XX
CC  program: cis-bp
CC  matrix.nb: 1
CC  accession: M0175_0.90.txt_1
CC  AC: M0175_0.90.txt_1
CC  id: Twist2_Tal2_Twist1_Tcf15
CC  name: Twist2_Tal2_Twist1_Tcf15
CC  version: 
CC  matrix.nb: 1
CC  consensus.strict: aacatatggt
CC  consensus.strict.rc: ACCATATGTT
CC  consensus.IUPAC: macatatgky
CC  consensus.IUPAC.rc: RMCATATGTK
CC  consensus.regexp: [ac]acatatg[gt][ct]
CC  consensus.regexp.rc: [AG][AC]CATATGT[GT]
XX
//
AC  M0176_0.90.txt_1
XX
ID  Ascl2_Ascl1
XX
DE  rrcagctgyy
P0       A     C     G     T
1    0.315548 0.181281 0.304969 0.198202
2    0.342567 0.21565 0.329096 0.112687
3    0.0362955 0.956859 2.51998e-11 0.00684525
4    0.887445 0.0260361 0.0520401 0.0344795
5    0.0223128 0.233167 0.582932 0.161589
6    0.161589 0.582932 0.233167 0.0223128
7    0.0344795 0.0520401 0.0260361 0.887445
8    0.00684525 2.51998e-11 0.956859 0.0362955
9    0.112687 0.329096 0.21565 0.342567
10   0.198202 0.304969 0.181281 0.315548
XX
CC  program: cis-bp
CC  matrix.nb: 1
CC  accession: M0176_0.90.txt_1
CC  AC: M0176_0.90.txt_1
CC  id: Ascl2_Ascl1
CC  name: Ascl2_Ascl1
CC  version: 
CC  matrix.nb: 1
CC  consensus.strict: aacagctgtt
CC  consensus.strict.rc: AACAGCTGTT
CC  consensus.IUPAC: rrcagctgyy
CC  consensus.IUPAC.rc: RRCAGCTGYY
CC  consensus.regexp: [ag][ag]cagctg[ct][ct]
CC  consensus.regexp.rc: [AG][AG]CAGCTG[CT][CT]
XX
//
AC  M0177_0.90.txt_1
XX
ID  Arnt_Arnt2_Arntl
XX
DE  awkcacgtgayt
P0       A     C     G     T
1    0.308919 0.23036 0.23036 0.23036
2    0.341568 0.171125 0.171125 0.316182
3    0.068338 0.068338 0.598151 0.265173
4    0.0190509 0.864288 0.0190509 0.0976098
5    0.999459 0.00018045 0.00018045 0.00018045
6    0.147433 0.852206 0.00018045 0.00018045
7    0.0719511 0.00018045 0.773647 0.154221
8    0.00018045 0.00018045 0.00018045 0.999459
9    0.0915908 0.0198202 0.793287 0.0953021
10   0.63294 0.208948 0.0790558 0.0790558
11   0.181842 0.294572 0.181842 0.341743
12   0.23113 0.23113 0.23113 0.306611
XX
CC  program: cis-bp
CC  matrix.nb: 1
CC  accession: M0177_0.90.txt_1
CC  AC: M0177_0.90.txt_1
CC  id: Arnt_Arnt2_Arntl
CC  name: Arnt_Arnt2_Arntl
CC  version: 
CC  matrix.nb: 1
CC  consensus.strict: aagcacgtgatt
CC  consensus.strict.rc: AATCACGTGCTT
CC  consensus.IUPAC: awkcacgtgayt
CC  consensus.IUPAC.rc: ARTCACGTGMWT
CC  consensus.regexp: a[at][gt]cacgtga[ct]t
CC  consensus.regexp.rc: A[AG]TCACGTG[AC][AT]T
XX
//
AC  M0178_0.90.txt_1
XX
ID  Arnt_Arnt2_Arntl
XX
DE  atkcayrtgm
P0       A     C     G     T
1    0.441686 0.235875 0.16122 0.16122
2    0.191879 0.187982 0.225189 0.39495
3    0.000211099 0.000211099 0.265877 0.733701
4    0.141244 0.708098 0.000211099 0.150448
5    0.929873 0.000211099 0.0697052 0.000211099
6    0.000211099 0.496749 0.000211099 0.502828
7    0.362577 0.000211099 0.566244 0.0709686
8    0.000211099 0.000211099 0.0709686 0.928609
9    0.157008 0.0889914 0.665009 0.0889914
10   0.330549 0.403477 0.132987 0.132987
XX
CC  program: cis-bp
CC  matrix.nb: 1
CC  accession: M0178_0.90.txt_1
CC  AC: M0178_0.90.txt_1
CC  id: Arnt_Arnt2_Arntl
CC  name: Arnt_Arnt2_Arntl
CC  version: 
CC  matrix.nb: 1
CC  consensus.strict: attcatgtgc
CC  consensus.strict.rc: GCACATGAAT
CC  consensus.IUPAC: atkcayrtgm
CC  consensus.IUPAC.rc: KCAYRTGMAT
CC  consensus.regexp: at[gt]ca[ct][ag]tg[ac]
CC  consensus.regexp.rc: [GT]CA[CT][AG]TG[AC]AT
XX
//
AC  M0179_0.90.txt_1
XX
ID  Mlx
XX
DE  cacgtgmym
P0       A     C     G     T
1    0.124649 0.769317 0.0538123 0.0522219
2    0.776553 0.112715 0.0127415 0.09799
3    0.000987198 0.922526 0.0764866     0
4    0.201004 6.02699e-08 0.798969     0
5    4.25368e-06 0.111055 1.66591e-07 0.88894
6    0.000349006 7.11713e-05 0.999579     0
7    0.335047 0.258338 0.19721 0.209405
8    0.233 0.265347 0.160941 0.340712
9    0.273742 0.327729 0.185339 0.21319
XX
CC  program: cis-bp
CC  matrix.nb: 1
CC  accession: M0179_0.90.txt_1
CC  AC: M0179_0.90.txt_1
CC  id: Mlx
CC  name: Mlx
CC  version: 
CC  matrix.nb: 1
CC  consensus.strict: cacgtgatc
CC  consensus.strict.rc: GATCACGTG
CC  consensus.IUPAC: cacgtgmym
CC  consensus.IUPAC.rc: KRKCACGTG
CC  consensus.regexp: cacgtg[ac][ct][ac]
CC  consensus.regexp.rc: [GT][AG][GT]CACGTG
XX
//
AC  M0180_0.90.txt_1
XX
ID  Mlx
XX
DE  scacgtgmym
P0       A     C     G     T
1    0.21349 0.31532 0.291077 0.180114
2    0.120917 0.709888 0.0740772 0.095117
3    0.532339 0.0925067 0.24648 0.128674
4    0.0185936 0.873768 0.0291605 0.0784777
5    0.214454 0.0508101 0.733697 0.00103883
6    0.0184679 3.45978e-05 0.0507056 0.930792
7    5.66439e-05 6.98803e-05 0.971682 0.0281917
8    0.357783 0.270406 0.190552 0.181259
9    0.215087 0.284589 0.156186 0.344139
10   0.25328 0.348799 0.182089 0.215831
XX
CC  program: cis-bp
CC  matrix.nb: 1
CC  accession: M0180_0.90.txt_1
CC  AC: M0180_0.90.txt_1
CC  id: Mlx
CC  name: Mlx
CC  version: 
CC  matrix.nb: 1
CC  consensus.strict: ccacgtgatc
CC  consensus.strict.rc: GATCACGTGG
CC  consensus.IUPAC: scacgtgmym
CC  consensus.IUPAC.rc: KRKCACGTGS
CC  consensus.regexp: [cg]cacgtg[ac][ct][ac]
CC  consensus.regexp.rc: [GT][AG][GT]CACGTG[CG]
XX
//
AC  M0181_0.90.txt_1
XX
ID  Hey2_Heyl_Hey1
XX
DE  rcacgtgtc
P0       A     C     G     T
1    0.27374 0.108005 0.52436 0.0938951
