AC  cfi-1
XX
ID  cfi-1
XX
DE  wtttdatwa
P0       A     C     G     T
1    0.280526 0.184318 0.225127 0.310029
2    0.226709 0.176561 0.10709 0.489639
3    0.139203 0.122233 0.102098 0.636466
4    0.115272 0.102237 0.056673 0.725817
5    0.377683 0.0491097 0.312329 0.260879
6    0.967814 0.0101253 0.0106445 0.0114163
7    0.000385606 0.000207435 0.000100969 0.999306
8    0.294769 0.222782 0.115145 0.367305
9    0.296025 0.225979 0.22825 0.249746
XX
CC  program: cis-bp
CC  matrix.nb: 1
CC  accession: cfi-1
CC  AC: cfi-1
CC  id: cfi-1
CC  name: cfi-1
CC  version: 
CC  matrix.nb: 1
CC  consensus.strict: ttttaatta
CC  consensus.strict.rc: TAATTAAAA
CC  consensus.IUPAC: wtttdatwa
CC  consensus.IUPAC.rc: TWATHAAAW
CC  consensus.regexp: [at]ttt[agt]at[at]a
CC  consensus.regexp.rc: T[AT]AT[ACT]AAA[AT]
XX
//
AC  cfi-1
XX
ID  cfi-1
XX
DE  awattaatwaa
P0       A     C     G     T
1    0.467943 0.177352 0.177352 0.177352
2    0.273411 0.0800673 0.0800673 0.566454
3    0.609177 0.119174 0.0337487 0.237901
4    0.104443 0.000140595 0.000140595 0.895276
5    0.000140595 0.000140595 0.000140595 0.999578
6    0.999578 0.000140595 0.000140595 0.000140595
7    0.910941 0.000140595 0.000140595 0.0887778
8    0.0887778 0.000140595 0.000140595 0.910941
9    0.261793 0.167866 0.0727882 0.497552
10   0.48978 0.170073 0.170073 0.170073
11   0.350824 0.216392 0.216392 0.216392
XX
CC  program: cis-bp
CC  matrix.nb: 1
CC  accession: cfi-1
CC  AC: cfi-1
CC  id: cfi-1
CC  name: cfi-1
CC  version: 
CC  matrix.nb: 1
CC  consensus.strict: atattaattaa
CC  consensus.strict.rc: TTAATTAATAT
CC  consensus.IUPAC: awattaatwaa
CC  consensus.IUPAC.rc: TTWATTAATWT
CC  consensus.regexp: a[at]attaat[at]aa
CC  consensus.regexp.rc: TT[AT]ATTAAT[AT]T
XX
//
AC  cfi-1
XX
ID  cfi-1
XX
DE  wtttratwr
P0       A     C     G     T
1    0.26518 0.18501 0.202433 0.347377
2    0.185396 0.187259 0.108039 0.519306
3    0.151265 0.141039 0.100387 0.607308
4    0.0959196 0.138866 0.0564588 0.708755
5    0.354424 0.113351 0.333784 0.198441
6    0.739186 0.0942122 0.0571426 0.109459
7    0.0232792 0.0244727 0.0200366 0.932211
8    0.285933 0.246105 0.089636 0.378326
9    0.254088 0.232219 0.267115 0.246578
XX
CC  program: cis-bp
CC  matrix.nb: 1
CC  accession: cfi-1
CC  AC: cfi-1
CC  id: cfi-1
CC  name: cfi-1
CC  version: 
CC  matrix.nb: 1
CC  consensus.strict: ttttaattg
CC  consensus.strict.rc: CAATTAAAA
CC  consensus.IUPAC: wtttratwr
CC  consensus.IUPAC.rc: YWATYAAAW
CC  consensus.regexp: [at]ttt[ag]at[at][ag]
CC  consensus.regexp.rc: [CT][AT]AT[CT]AAA[AT]
XX
//
AC  cfi-1
XX
ID  cfi-1
XX
DE  wtttratww
P0       A     C     G     T
1    0.287207 0.13703 0.210651 0.365112
2    0.219872 0.145918 0.0769416 0.557268
3    0.118816 0.0765217 0.0713484 0.733314
4    0.0706817 0.0821204 0.0602309 0.786967
5    0.408983 0.0393964 0.306027 0.245593
6    0.964659 0.0123268 0.0132206 0.00979404
7    0.00082565 0.0174339 0.000894416 0.980846
8    0.322598 0.238987 0.0924259 0.345989
9    0.300945 0.229735 0.199722 0.269597
XX
CC  program: cis-bp
CC  matrix.nb: 1
CC  accession: cfi-1
CC  AC: cfi-1
CC  id: cfi-1
CC  name: cfi-1
CC  version: 
CC  matrix.nb: 1
CC  consensus.strict: ttttaatta
CC  consensus.strict.rc: TAATTAAAA
CC  consensus.IUPAC: wtttratww
CC  consensus.IUPAC.rc: WWATYAAAW
CC  consensus.regexp: [at]ttt[ag]at[at][at]
CC  consensus.regexp.rc: [AT][AT]AT[CT]AAA[AT]
XX
//
AC  cfi-1
XX
ID  cfi-1
XX
DE  wtttratwm
P0       A     C     G     T
1    0.252147 0.208515 0.237463 0.301875
2    0.224942 0.238851 0.146327 0.389881
3    0.17209 0.177331 0.163697 0.486881
4    0.160789 0.162405 0.109957 0.566849
5    0.331941 0.110494 0.318925 0.23864
6    0.779062 0.0735592 0.109737 0.0376409
7    0.0322647 0.106057 0.0211994 0.840479
8    0.283413 0.236726 0.157103 0.322758
9    0.26004 0.257453 0.240047 0.24246
XX
CC  program: cis-bp
CC  matrix.nb: 1
CC  accession: cfi-1
CC  AC: cfi-1
CC  id: cfi-1
CC  name: cfi-1
CC  version: 
CC  matrix.nb: 1
CC  consensus.strict: ttttaatta
CC  consensus.strict.rc: TAATTAAAA
CC  consensus.IUPAC: wtttratwm
CC  consensus.IUPAC.rc: KWATYAAAW
CC  consensus.regexp: [at]ttt[ag]at[at][ac]
CC  consensus.regexp.rc: [GT][AT]AT[CT]AAA[AT]
XX
//
AC  cfi-1
XX
ID  cfi-1
XX
DE  tttratwr
P0       A     C     G     T
1    0.228748 0.221987 0.148803 0.400462
2    0.182465 0.170129 0.146431 0.500975
3    0.138322 0.188592 0.0714919 0.601595
4    0.336065 0.060178 0.422972 0.180785
5    0.973889 0.000879235 0.0220056 0.00322618
6    0.0451944 0.000360946 0.000149714 0.954295
7    0.278506 0.244555 0.112105 0.364833
8    0.30042 0.203401 0.269126 0.227052
XX
CC  program: cis-bp
CC  matrix.nb: 1
CC  accession: cfi-1
CC  AC: cfi-1
CC  id: cfi-1
CC  name: cfi-1
CC  version: 
CC  matrix.nb: 1
CC  consensus.strict: tttgatta
CC  consensus.strict.rc: TAATCAAA
CC  consensus.IUPAC: tttratwr
CC  consensus.IUPAC.rc: YWATYAAA
CC  consensus.regexp: ttt[ag]at[at][ag]
CC  consensus.regexp.rc: [CT][AT]AT[CT]AAA
XX
//
AC  cfi-1
XX
ID  cfi-1
XX
DE  tttratyr
P0       A     C     G     T
1    0.198827 0.23567 0.148775 0.416728
2    0.16236 0.175883 0.159145 0.502612
3    0.174479 0.162683 0.100666 0.562171
4    0.409838 0.0887446 0.309749 0.191668
5    0.912942 0.000248248 0.0350464 0.0517629
6    0.0572759 0.000593262 0.000248548 0.941882
7    0.24012 0.254968 0.196593 0.30832
8    0.268348 0.215355 0.271045 0.245252
XX
CC  program: cis-bp
CC  matrix.nb: 1
CC  accession: cfi-1
CC  AC: cfi-1
CC  id: cfi-1
CC  name: cfi-1
CC  version: 
CC  matrix.nb: 1
CC  consensus.strict: tttaattg
CC  consensus.strict.rc: CAATTAAA
CC  consensus.IUPAC: tttratyr
CC  consensus.IUPAC.rc: YRATYAAA
CC  consensus.regexp: ttt[ag]at[ct][ag]
CC  consensus.regexp.rc: [CT][AG]AT[CT]AAA
XX
//
AC  Y116A8C.22
XX
ID  Y116A8C.22
XX
DE  awatawwtay
P0       A     C     G     T
1    0.606435 0.100113 0.193339 0.100113
2    0.558535 0.133577 0.047162 0.260727
3    0.80869 0.000196195 0.0883145 0.1028
4    0.231969 0.000196195 0.000196195 0.767638
5    0.889933 0.000196195 0.000196195 0.109675
6    0.290663 0.000196195 0.000196195 0.708945
7    0.267391 0.000196195 0.000196195 0.732217
8    0.000196195 0.0934227 0.000196195 0.906185
9    0.460241 0.150083 0.150083 0.239593
10   0.203034 0.291152 0.203034 0.302779
XX
CC  program: cis-bp
CC  matrix.nb: 1
CC  accession: Y116A8C.22
CC  AC: Y116A8C.22
CC  id: Y116A8C.22
CC  name: Y116A8C.22
CC  version: 
CC  matrix.nb: 1
CC  consensus.strict: aaatatttat
CC  consensus.strict.rc: ATAAATATTT
CC  consensus.IUPAC: awatawwtay
CC  consensus.IUPAC.rc: RTAWWTATWT
CC  consensus.regexp: a[at]ata[at][at]ta[ct]
CC  consensus.regexp.rc: [AG]TA[AT][AT]TAT[AT]T
XX
//
AC  Y116A8C.22
XX
ID  Y116A8C.22
XX
DE  mrwwwat
P0       A     C     G     T
1    0.272989 0.275733 0.247011 0.204268
2    0.311542 0.190859 0.252531 0.245068
3    0.409498 0.106158 0.183999 0.300345
4    0.464798 0.0957368 0.154718 0.284747
5    0.582238 0.128622 0.0141099 0.27503
6    0.57604 0.000723378 0.229563 0.193674
7    0.235345 0.212949 0.0484751 0.503232
XX
CC  program: cis-bp
CC  matrix.nb: 1
CC  accession: Y116A8C.22
CC  AC: Y116A8C.22
CC  id: Y116A8C.22
CC  name: Y116A8C.22
CC  version: 
CC  matrix.nb: 1
CC  consensus.strict: caaaaat
CC  consensus.strict.rc: ATTTTTG
CC  consensus.IUPAC: mrwwwat
CC  consensus.IUPAC.rc: ATWWWYK
CC  consensus.regexp: [ac][ag][at][at][at]at
CC  consensus.regexp.rc: AT[AT][AT][AT][CT][GT]
XX
//
AC  hmg-12
XX
ID  hmg-12
XX
DE  ataawtawwtra
P0       A     C     G     T
1    0.321078 0.226307 0.226307 0.226307
2    0.226307 0.226307 0.226307 0.321078
3    0.761759 0.0464648 0.145311 0.0464648
4    0.632674 0.116336 0.0231743 0.227815
5    0.66917 0.000175574 0.000175574 0.330479
6    0.195762 0.000175574 0.000175574 0.803887
7    0.804397 0.000175574 0.000175574 0.195252
8    0.517902 0.000175574 0.000175574 0.481747
9    0.321162 0.0238682 0.0238682 0.631102
10   0.0238682 0.122715 0.0238682 0.829549
11   0.295706 0.203711 0.296873 0.203711
12   0.318996 0.227001 0.227001 0.227001
XX
CC  program: cis-bp
CC  matrix.nb: 1
CC  accession: hmg-12
CC  AC: hmg-12
CC  id: hmg-12
CC  name: hmg-12
CC  version: 
CC  matrix.nb: 1
CC  consensus.strict: ataaataattga
CC  consensus.strict.rc: TCAATTATTTAT
CC  consensus.IUPAC: ataawtawwtra
CC  consensus.IUPAC.rc: TYAWWTAWTTAT
CC  consensus.regexp: ataa[at]ta[at][at]t[ag]a
CC  consensus.regexp.rc: T[CT]A[AT][AT]TA[AT]TTAT
XX
//
AC  bed-3
XX
ID  bed-3
XX
DE  rstcycga
P0       A     C     G     T
1    0.471163 0.0345818 0.402229 0.0920267
2    0.214888 0.363599 0.280981 0.140532
3    6.57722e-05 0.00664299 6.57722e-05 0.993225
4    6.57722e-05 0.999803 6.57722e-05     0
5    6.57722e-05 0.374967 0.0329519 0.592015
6    6.57722e-05 0.973494 0.0263746     0
7    6.57722e-05 6.57722e-05 0.999803     0
8    0.784847 0.0374626 0.102859 0.0748318
XX
CC  program: cis-bp
CC  matrix.nb: 1
CC  accession: bed-3
CC  AC: bed-3
CC  id: bed-3
CC  name: bed-3
CC  version: 
CC  matrix.nb: 1
CC  consensus.strict: actctcga
CC  consensus.strict.rc: TCGAGAGT
CC  consensus.IUPAC: rstcycga
CC  consensus.IUPAC.rc: TCGRGASY
CC  consensus.regexp: [ag][cg]tc[ct]cga
CC  consensus.regexp.rc: TCG[AG]GA[CG][CT]
XX
//
AC  hlh-1
XX
ID  hlh-1
XX
DE  gacagctg
P0       A     C     G     T
1        0     0     1     0
2        1     0     0     0
3        0     1     0     0
4        1     0     0     0
5        0     0     1     0
6        0     1     0     0
7        0     0     0     1
8        0     0     1     0
XX
CC  program: cis-bp
CC  matrix.nb: 1
CC  accession: hlh-1
CC  AC: hlh-1
CC  id: hlh-1
CC  name: hlh-1
CC  version: 
CC  matrix.nb: 1
CC  consensus.strict: gacagctg
CC  consensus.strict.rc: CAGCTGTC
CC  consensus.IUPAC: gacagctg
CC  consensus.IUPAC.rc: CAGCTGTC
CC  consensus.regexp: gacagctg
CC  consensus.regexp.rc: CAGCTGTC
XX
//
AC  hlh-27_hlh-25
XX
ID  hlh-27_hlh-25
XX
DE  gmcaygcg
P0       A     C     G     T
1    0.136364 0.136364 0.727273     0
2    0.69697 0.272727 0.030303     0
3        0     1     0     0
4    0.97561     0 0.0243902     0
5        0 0.634146     0 0.365854
6    0.097561     0 0.902439     0
7        0 0.894737     0 0.105263
8        0     0     1     0
XX
CC  program: cis-bp
CC  matrix.nb: 1
CC  accession: hlh-27_hlh-25
CC  AC: hlh-27_hlh-25
CC  id: hlh-27_hlh-25
CC  name: hlh-27_hlh-25
CC  version: 
CC  matrix.nb: 1
CC  consensus.strict: gacacgcg
CC  consensus.strict.rc: CGCGTGTC
CC  consensus.IUPAC: gmcaygcg
CC  consensus.IUPAC.rc: CGCRTGKC
CC  consensus.regexp: g[ac]ca[ct]gcg
CC  consensus.regexp.rc: CGC[AG]TG[GT]C
XX
//
AC  hlh-27_hlh-25
XX
ID  hlh-27_hlh-25
XX
DE  sacaygcg
P0       A     C     G     T
1    0.166667 0.277778 0.513889 0.0416667
2    0.637255 0.215686 0.0882353 0.0588235
3        0 0.923729 0.00847458 0.0677966
4    0.966102     0 0.0338983     0
5        0 0.694915     0 0.305085
6    0.127119     0 0.872881     0
7    0.0178571 0.785714 0.0178571 0.178571
8    0.0430108 0.0322581 0.913978 0.0107527
XX
CC  program: cis-bp
CC  matrix.nb: 1
CC  accession: hlh-27_hlh-25
CC  AC: hlh-27_hlh-25
CC  id: hlh-27_hlh-25
CC  name: hlh-27_hlh-25
CC  version: 
CC  matrix.nb: 1
CC  consensus.strict: gacacgcg
CC  consensus.strict.rc: CGCGTGTC
CC  consensus.IUPAC: sacaygcg
CC  consensus.IUPAC.rc: CGCRTGTS
CC  consensus.regexp: [cg]aca[ct]gcg
CC  consensus.regexp.rc: CGC[AG]TGT[CG]
XX
//
AC  hlh-26
XX
ID  hlh-26
XX
DE  racacgtgy
P0       A     C     G     T
1      0.5     0   0.5     0
2        1     0     0     0
3        0     1     0     0
4        1     0     0     0
5        0     1     0     0
6        0     0     1     0
7        0     0     0     1
8        0     0     1     0
9        0   0.5     0   0.5
XX
CC  program: cis-bp
CC  matrix.nb: 1
CC  accession: hlh-26
CC  AC: hlh-26
CC  id: hlh-26
CC  name: hlh-26
CC  version: 
CC  matrix.nb: 1
CC  consensus.strict: aacacgtgc
CC  consensus.strict.rc: GCACGTGTT
CC  consensus.IUPAC: racacgtgy
CC  consensus.IUPAC.rc: RCACGTGTY
CC  consensus.regexp: [ag]acacgtg[ct]
CC  consensus.regexp.rc: [AG]CACGTGT[CT]
XX
//
AC  hlh-12
XX
ID  hlh-12
XX
DE  aacakctg
P0       A     C     G     T
1    0.711648 0.143466 0.143466 0.00142045
2    0.767638 0.230828 0.000766871 0.000766871
3    0.000766871 0.997699 0.000766871 0.000766871
4    0.997699 0.000766871 0.000766871 0.000766871
5    0.000766871 0.000766871 0.384202 0.614264
6    0.230828 0.767638 0.000766871 0.000766871
7    0.000766871 0.000766871 0.000766871 0.997699
8    0.000766871 0.000766871 0.997699 0.000766871
XX
CC  program: cis-bp
CC  matrix.nb: 1
CC  accession: hlh-12
CC  AC: hlh-12
CC  id: hlh-12
CC  name: hlh-12
CC  version: 
CC  matrix.nb: 1
CC  consensus.strict: aacatctg
CC  consensus.strict.rc: CAGATGTT
CC  consensus.IUPAC: aacakctg
CC  consensus.IUPAC.rc: CAGMTGTT
CC  consensus.regexp: aaca[gt]ctg
CC  consensus.regexp.rc: CAG[AC]TGTT
XX
//
AC  hlh-16
XX
ID  hlh-16
XX
DE  kkacaatatkgta
P0       A     C     G     T
1    0.206177 0.206177 0.299803 0.287842
2    0.206177 0.206177 0.287842 0.299803
3    0.427648 0.245227 0.163562 0.163562
4    0.122423 0.79606 0.0407582 0.0407582
5    0.760019 0.202061 0.0189603 0.0189603
6    0.999635 0.000121514 0.000121514 0.000121514
7    0.000121514 0.000121514 0.000121514 0.999635
8    0.999635 0.000121514 0.000121514 0.000121514
9    0.0439444 0.0439444 0.0439444 0.868167
10   0.0439444 0.0439444 0.639677 0.272434
11   0.0865592 0.0865592 0.578808 0.248074
12   0.209363 0.209363 0.209363 0.37191
13   0.306516 0.231161 0.231161 0.231161
XX
CC  program: cis-bp
CC  matrix.nb: 1
CC  accession: hlh-16
CC  AC: hlh-16
CC  id: hlh-16
CC  name: hlh-16
CC  version: 
CC  matrix.nb: 1
CC  consensus.strict: gtacaatatggta
CC  consensus.strict.rc: TACCATATTGTAC
CC  consensus.IUPAC: kkacaatatkgta
CC  consensus.IUPAC.rc: TACMATATTGTMM
CC  consensus.regexp: [gt][gt]acaatat[gt]gta
CC  consensus.regexp.rc: TAC[AC]ATATTGT[AC][AC]
XX
//
AC  hlh-30
XX
ID  hlh-30
XX
DE  rrtcacgwgg
P0       A     C     G     T
1    0.280635 0.18439 0.316415 0.218559
2    0.390544 0.0692374 0.481806 0.0584131
3    0.0731912 0.0912018 0.0833522 0.752255
4    0.00616824 0.991693 0.00176723 0.000371359
5    0.893698 0.0427499 0.0123712 0.051181
6    0.00656742 0.707771 0.068178 0.217483
7    0.151077 0.0399563 0.794559 0.0144081
8    0.254645 0.242226 0.115569 0.38756
9    0.0358927 0.0362535 0.863104 0.0647501
10   0.230459 0.225896 0.34726 0.196384
XX
CC  program: cis-bp
CC  matrix.nb: 1
CC  accession: hlh-30
CC  AC: hlh-30
CC  id: hlh-30
CC  name: hlh-30
CC  version: 
CC  matrix.nb: 1
CC  consensus.strict: ggtcacgtgg
CC  consensus.strict.rc: CCACGTGACC
CC  consensus.IUPAC: rrtcacgwgg
CC  consensus.IUPAC.rc: CCWCGTGAYY
CC  consensus.regexp: [ag][ag]tcacg[at]gg
CC  consensus.regexp.rc: CC[AT]CGTGA[CT][CT]
XX
//
AC  hlh-11
XX
ID  hlh-11
XX
DE  mcakmtgdt
P0       A     C     G     T
1    0.273464 0.424609 0.181484 0.120442
2    0.097576 0.829341 0.0392767 0.0338058
3    0.662486 0.0560363 0.199537 0.081941
4    0.0432903 0.208081 0.467748 0.28088
5    0.299713 0.470043 0.215471 0.0147733
6    0.0043967 0.0723021 0.015656 0.907645
7    0.000715475 0.00017122 0.997439 0.00167396
8    0.378736 0.0820099 0.275019 0.264235
9    0.118253 0.228795 0.178185 0.474767
XX
CC  program: cis-bp
CC  matrix.nb: 1
CC  accession: hlh-11
CC  AC: hlh-11
CC  id: hlh-11
CC  name: hlh-11
CC  version: 
CC  matrix.nb: 1
CC  consensus.strict: ccagctgat
CC  consensus.strict.rc: ATCAGCTGG
CC  consensus.IUPAC: mcakmtgdt
CC  consensus.IUPAC.rc: AHCAKMTGK
CC  consensus.regexp: [ac]ca[gt][ac]tg[agt]t
CC  consensus.regexp.rc: A[ACT]CA[GT][AC]TG[GT]
XX
//
AC  hlh-8
XX
ID  hlh-8
XX
DE  rmcatatgtk
P0       A     C     G     T
1    0.301828 0.199871 0.29843 0.199871
2    0.282456 0.579511 0.0690164 0.0690164
3    0.000139305 0.999582 0.000139305 0.000139305
4    0.999582 0.000139305 0.000139305 0.000139305
5    0.000139305 0.217001 0.000139305 0.782721
6    0.789108 0.000139305 0.210614 0.000139305
7    0.000139305 0.000139305 0.000139305 0.999582
8    0.000139305 0.000139305 0.999582 0.000139305
9    0.0502683 0.0502683 0.154736 0.744728
10   0.181123 0.181123 0.272271 0.365483
XX
CC  program: cis-bp
CC  matrix.nb: 1
CC  accession: hlh-8
CC  AC: hlh-8
CC  id: hlh-8
CC  name: hlh-8
CC  version: 
CC  matrix.nb: 1
CC  consensus.strict: accatatgtt
CC  consensus.strict.rc: AACATATGGT
CC  consensus.IUPAC: rmcatatgtk
CC  consensus.IUPAC.rc: MACATATGKY
CC  consensus.regexp: [ag][ac]catatgt[gt]
CC  consensus.regexp.rc: [AC]ACATATG[GT][CT]
XX
//
AC  aha-1
XX
ID  aha-1
XX
DE  artcacgtgmwt
P0       A     C     G     T
1    0.306611 0.23113 0.23113 0.23113
2    0.341743 0.181842 0.294572 0.181842
3    0.0790558 0.0790558 0.208948 0.63294
4    0.0953021 0.793287 0.0198202 0.0915908
5    0.999459 0.00018045 0.00018045 0.00018045
6    0.154221 0.773647 0.00018045 0.0719511
7    0.00018045 0.00018045 0.852206 0.147433
8    0.00018045 0.00018045 0.00018045 0.999459
9    0.0976098 0.0190509 0.864288 0.0190509
10   0.265173 0.598151 0.068338 0.068338
11   0.316182 0.171125 0.171125 0.341568
12   0.23036 0.23036 0.23036 0.308919
XX
CC  program: cis-bp
CC  matrix.nb: 1
CC  accession: aha-1
CC  AC: aha-1
CC  id: aha-1
CC  name: aha-1
CC  version: 
CC  matrix.nb: 1
CC  consensus.strict: aatcacgtgctt
CC  consensus.strict.rc: AAGCACGTGATT
CC  consensus.IUPAC: artcacgtgmwt
CC  consensus.IUPAC.rc: AWKCACGTGAYT
CC  consensus.regexp: a[ag]tcacgtg[ac][at]t
CC  consensus.regexp.rc: A[AT][GT]CACGTGA[CT]T
XX
//
AC  aha-1
XX
ID  aha-1
XX
DE  atkcayrtgm
P0       A     C     G     T
1    0.441686 0.235875 0.16122 0.16122
2    0.191879 0.187982 0.225189 0.39495
3    0.000211099 0.000211099 0.265877 0.733701
4    0.141244 0.708098 0.000211099 0.150448
5    0.929873 0.000211099 0.0697052 0.000211099
6    0.000211099 0.496749 0.000211099 0.502828
7    0.362577 0.000211099 0.566244 0.0709686
8    0.000211099 0.000211099 0.0709686 0.928609
9    0.157008 0.0889914 0.665009 0.0889914
10   0.330549 0.403477 0.132987 0.132987
XX
CC  program: cis-bp
CC  matrix.nb: 1
CC  accession: aha-1
CC  AC: aha-1
CC  id: aha-1
CC  name: aha-1
CC  version: 
CC  matrix.nb: 1
CC  consensus.strict: attcatgtgc
CC  consensus.strict.rc: GCACATGAAT
CC  consensus.IUPAC: atkcayrtgm
CC  consensus.IUPAC.rc: KCAYRTGMAT
CC  consensus.regexp: at[gt]ca[ct][ag]tg[ac]
CC  consensus.regexp.rc: [GT]CA[CT][AG]TG[AC]AT
XX
//
AC  hlh-30
XX
ID  hlh-30
XX
DE  rtcacgtg
P0       A     C     G     T
1    0.279394 0.0736332 0.632128 0.0148442
2    0.0271073 0.0451189 0.0721362 0.855638
3    7.46046e-05 0.999776 7.46046e-05     0
4    0.850567 0.0373769 0.0299164 0.0821397
5    7.46046e-05 0.828186 0.0448374 0.126902
6    0.104521 0.022456 0.872948     0
7    0.173579 0.140532 0.0579147 0.627974
8    9.25583e-05 9.25583e-05 0.990466 0.00934839
XX
CC  program: cis-bp
CC  matrix.nb: 1
CC  accession: hlh-30
CC  AC: hlh-30
CC  id: hlh-30
CC  name: hlh-30
CC  version: 
CC  matrix.nb: 1
CC  consensus.strict: gtcacgtg
CC  consensus.strict.rc: CACGTGAC
CC  consensus.IUPAC: rtcacgtg
CC  consensus.IUPAC.rc: CACGTGAY
CC  consensus.regexp: [ag]tcacgtg
CC  consensus.regexp.rc: CACGTGA[CT]
XX
//
AC  hlh-17
XX
ID  hlh-17
XX
DE  rccatatgyt
P0       A     C     G     T
1    0.361199 0.183013 0.272775 0.183013
2    0.138914 0.651658 0.134874 0.0745553
3    4.60189e-05 0.999862 4.60189e-05     0
4    0.999862 4.60189e-05 4.60189e-05     0
5    4.60189e-05 4.60189e-05 4.60189e-05 0.999862
6    0.999862 4.60189e-05 4.60189e-05     0
7    4.60189e-05 4.60189e-05 4.60189e-05 0.999862
8    4.60189e-05 4.60189e-05 0.999862     0
9    0.0670327 0.298563 0.220536 0.413869
10   0.175491 0.236272 0.175491 0.412746
XX
CC  program: cis-bp
CC  matrix.nb: 1
CC  accession: hlh-17
CC  AC: hlh-17
CC  id: hlh-17
CC  name: hlh-17
CC  version: 
CC  matrix.nb: 1
CC  consensus.strict: accatatgtt
CC  consensus.strict.rc: AACATATGGT
CC  consensus.IUPAC: rccatatgyt
CC  consensus.IUPAC.rc: ARCATATGGY
CC  consensus.regexp: [ag]ccatatg[ct]t
CC  consensus.regexp.rc: A[AG]CATATGG[CT]
XX
//
AC  hlh-30
XX
ID  hlh-30
XX
DE  rtcacgtgay
P0       A     C     G     T
1    0.317421 0.183419 0.333604 0.165555
2    0.190817 0.212307 0.221545 0.375331
3    0.065189 0.842821 0.0392093 0.052781
4    0.673632 0.0695698 0.110745 0.146054
5    0.0200292 0.798818 0.0388812 0.142271
6    0.142271 0.0388812 0.798818 0.0200292
7    0.146054 0.110745 0.0695698 0.673632
8    0.052781 0.0392093 0.842821 0.065189
9    0.375331 0.221545 0.212307 0.190817
10   0.165555 0.333604 0.183419 0.317421
XX
CC  program: cis-bp
CC  matrix.nb: 1
CC  accession: hlh-30
CC  AC: hlh-30
CC  id: hlh-30
CC  name: hlh-30
CC  version: 
CC  matrix.nb: 1
CC  consensus.strict: gtcacgtgac
CC  consensus.strict.rc: GTCACGTGAC
CC  consensus.IUPAC: rtcacgtgay
CC  consensus.IUPAC.rc: RTCACGTGAY
CC  consensus.regexp: [ag]tcacgtga[ct]
CC  consensus.regexp.rc: [AG]TCACGTGA[CT]
XX
//
AC  hlh-30
XX
ID  hlh-30
XX
DE  rrtcacgwgg
P0       A     C     G     T
1    0.280968 0.204025 0.289525 0.225482
2    0.388583 0.108041 0.408506 0.09487
3    0.108488 0.142115 0.143543 0.605853
4    0.0269964 0.958819 0.0114238 0.0027613
5    0.775226 0.0885134 0.0374555 0.0988056
6    0.0168091 0.659789 0.0948143 0.228588
7    0.19176 0.0691477 0.710696 0.0283959
8    0.251525 0.190098 0.135306 0.423071
9    0.05392 0.0584108 0.786428 0.101241
10   0.240583 0.217689 0.315155 0.226573
XX
CC  program: cis-bp
CC  matrix.nb: 1
CC  accession: hlh-30
CC  AC: hlh-30
CC  id: hlh-30
CC  name: hlh-30
CC  version: 
CC  matrix.nb: 1
CC  consensus.strict: ggtcacgtgg
CC  consensus.strict.rc: CCACGTGACC
CC  consensus.IUPAC: rrtcacgwgg
CC  consensus.IUPAC.rc: CCWCGTGAYY
CC  consensus.regexp: [ag][ag]tcacg[at]gg
CC  consensus.regexp.rc: CC[AT]CGTGA[CT][CT]
XX
//
AC  hlh-30
XX
ID  hlh-30
XX
DE  rrtcacgtgg
P0       A     C     G     T
1    0.274271 0.193275 0.312347 0.220107
2    0.397562 0.0810732 0.461902 0.0594629
3    0.0774494 0.0945969 0.100446 0.727507
4    0.00659617 0.988797 0.00273598 0.00187103
5    0.881512 0.0520205 0.0159848 0.0504831
6    0.00813313 0.724836 0.0734016 0.193629
7    0.156385 0.0328622 0.79817 0.0125827
8    0.238338 0.191271 0.109256 0.461135
9    0.0277801 0.0283413 0.88388 0.0599986
10   0.245119 0.215238 0.340953 0.19869
XX
CC  program: cis-bp
CC  matrix.nb: 1
CC  accession: hlh-30
CC  AC: hlh-30
CC  id: hlh-30
CC  name: hlh-30
CC  version: 
CC  matrix.nb: 1
CC  consensus.strict: ggtcacgtgg
CC  consensus.strict.rc: CCACGTGACC
CC  consensus.IUPAC: rrtcacgtgg
CC  consensus.IUPAC.rc: CCACGTGAYY
CC  consensus.regexp: [ag][ag]tcacgtgg
CC  consensus.regexp.rc: CCACGTGA[CT][CT]
XX
//
AC  hlh-1
XX
ID  hlh-1
XX
DE  vcavctgty
P0       A     C     G     T
1    0.289475 0.254187 0.269905 0.186433
2    0.0525899 0.774738 0.0520667 0.120605
3    0.533145 0.105509 0.232478 0.128869
4    0.266544 0.300527 0.261266 0.171664
5    0.190214 0.458588 0.173843 0.177355
6    0.000604387 0.000377743 0.000312378 0.998705
7    0.00176529 0.00213467 0.869844 0.126256
8    0.234495 0.165246 0.14656 0.453699
9    0.0183433 0.468373 0.0721873 0.441097
XX
CC  program: cis-bp
CC  matrix.nb: 1
CC  accession: hlh-1
CC  AC: hlh-1
CC  id: hlh-1
CC  name: hlh-1
CC  version: 
CC  matrix.nb: 1
CC  consensus.strict: acacctgtc
CC  consensus.strict.rc: GACAGGTGT
CC  consensus.IUPAC: vcavctgty
CC  consensus.IUPAC.rc: RACAGBTGB
CC  consensus.regexp: [acg]ca[acg]ctgt[ct]
CC  consensus.regexp.rc: [AG]ACAG[CGT]TG[CGT]
XX
//
AC  hlh-1
XX
ID  hlh-1
XX
DE  racagctgw
P0       A     C     G     T
1    0.597222 0.00198413 0.39881 0.00198413
2    0.886062 0.00110619 0.00110619 0.111726
3    0.000996016 0.997012 0.000996016 0.000996016
4    0.997012 0.000996016 0.000996016 0.000996016
5    0.00110619 0.00110619 0.775442 0.222345
6    0.222345 0.554204 0.00110619 0.222345
7    0.00110619 0.00110619 0.00110619 0.996681
8    0.00110619 0.00110619 0.996681 0.00110619
9    0.39881 0.200397 0.00198413 0.39881
XX
CC  program: cis-bp
CC  matrix.nb: 1
CC  accession: hlh-1
CC  AC: hlh-1
CC  id: hlh-1
CC  name: hlh-1
CC  version: 
CC  matrix.nb: 1
CC  consensus.strict: aacagctga
CC  consensus.strict.rc: TCAGCTGTT
CC  consensus.IUPAC: racagctgw
CC  consensus.IUPAC.rc: WCAGCTGTY
CC  consensus.regexp: [ag]acagctg[at]
CC  consensus.regexp.rc: [AT]CAGCTGT[CT]
XX
//
AC  hlh-17
XX
ID  hlh-17
XX
DE  swaycatatkg
P0       A     C     G     T
1    0.201784 0.29598 0.300452 0.201784
2    0.274925 0.0799235 0.0799235 0.565228
3    0.731885 0.120705 0.024371 0.123039
4    0.189822 0.51789 0.000302372 0.291985
5    0.195173 0.614669 0.000302372 0.189856
6    0.809704 0.000302372 0.000302372 0.189691
7    0.000302372 0.194479 0.0934882 0.711731
8    0.905907 0.000302372 0.000302372 0.0934882
9    0.243671 0.144721 0.237061 0.374546
10   0.170379 0.170379 0.39266 0.266582
11   0.225931 0.225931 0.322206 0.225931
XX
CC  program: cis-bp
CC  matrix.nb: 1
CC  accession: hlh-17
CC  AC: hlh-17
CC  id: hlh-17
CC  name: hlh-17
CC  version: 
CC  matrix.nb: 1
CC  consensus.strict: gtaccatatgg
CC  consensus.strict.rc: CCATATGGTAC
CC  consensus.IUPAC: swaycatatkg
CC  consensus.IUPAC.rc: CMATATGRTWS
CC  consensus.regexp: [cg][at]a[ct]catat[gt]g
CC  consensus.regexp.rc: C[AC]ATATG[AG]T[AT][CG]
XX
//
AC  hlh-15
XX
ID  hlh-15
XX
DE  mkcagctgyr
P0       A     C     G     T
1    0.282767 0.305521 0.171954 0.239759
2    0.0376275 0.0376275 0.674128 0.250617
3    0.000178229 0.862732 0.000178229 0.136912
4    0.930537 0.000178229 0.0691063 0.000178229
5    0.0711324 0.0774129 0.714543 0.136912
6    0.145218 0.714543 0.0691063 0.0711324
7    0.000178229 0.0679836 0.000178229 0.93166
8    0.0774129 0.000178229 0.922231 0.000178229
9    0.152455 0.301874 0.0782247 0.467447
10   0.281479 0.212551 0.29342 0.212551
XX
CC  program: cis-bp
CC  matrix.nb: 1
CC  accession: hlh-15
CC  AC: hlh-15
CC  id: hlh-15
CC  name: hlh-15
CC  version: 
CC  matrix.nb: 1
CC  consensus.strict: cgcagctgtg
CC  consensus.strict.rc: CACAGCTGCG
CC  consensus.IUPAC: mkcagctgyr
CC  consensus.IUPAC.rc: YRCAGCTGMK
CC  consensus.regexp: [ac][gt]cagctg[ct][ag]
CC  consensus.regexp.rc: [CT][AG]CAGCTG[AC][GT]
XX
//
AC  cnd-1
XX
ID  cnd-1
XX
DE  acmatatgky
P0       A     C     G     T
1    0.424799 0.113479 0.235478 0.226244
2    0.169637 0.592091 0.171342 0.0669308
3    0.271365 0.687777 0.026936 0.0139219
4    0.665113 0.0348118 0.186785 0.113291
5    0.00136832 0.0643014 0.143105 0.791225
6    0.793894 0.140745 0.0560896 0.00927154
7    0.075714 0.150952 0.0105588 0.762775
8    0.0116833 0.000903175 0.869711 0.117703
9    0.0386337 0.150525 0.421629 0.389213
10   0.0917633 0.270213 0.234912 0.403111
XX
CC  program: cis-bp
CC  matrix.nb: 1
CC  accession: cnd-1
CC  AC: cnd-1
CC  id: cnd-1
CC  name: cnd-1
CC  version: 
CC  matrix.nb: 1
CC  consensus.strict: accatatggt
CC  consensus.strict.rc: ACCATATGGT
CC  consensus.IUPAC: acmatatgky
CC  consensus.IUPAC.rc: RMCATATKGT
CC  consensus.regexp: ac[ac]atatg[gt][ct]
CC  consensus.regexp.rc: [AG][AC]CATAT[GT]GT
XX
//
AC  aha-1
XX
ID  aha-1
XX
DE  dgtcacgtgh
P0       A     C     G     T
1    0.250929 0.229332 0.261169 0.258571
2    0.245912 0.124583 0.558342 0.071163
3    0.0616879 0.0439076 0.142892 0.751513
4    0.00273163 0.997148 3.66955e-05     0
5    0.953025 0.0161132 0.010172 0.0206898
6    0.00193897 0.965026 0.0094136 0.0236214
7    0.0480585 0.00267091 0.946167 0.00310316
8    0.0540227 0.0579398 0.051388 0.836649
9    0.00943181 0.00411273 0.938317 0.0481388
10   0.25514 0.330899 0.145739 0.268222
XX
CC  program: cis-bp
CC  matrix.nb: 1
CC  accession: aha-1
CC  AC: aha-1
CC  id: aha-1
CC  name: aha-1
CC  version: 
CC  matrix.nb: 1
CC  consensus.strict: ggtcacgtgc
CC  consensus.strict.rc: GCACGTGACC
CC  consensus.IUPAC: dgtcacgtgh
CC  consensus.IUPAC.rc: DCACGTGACH
CC  consensus.regexp: [agt]gtcacgtg[act]
CC  consensus.regexp.rc: [AGT]CACGTGAC[ACT]
XX
//
AC  mxl-3
XX
ID  mxl-3
XX
DE  scrcrtgsy
P0       A     C     G     T
1    0.18866 0.365019 0.265058 0.181263
2    0.161107 0.707733 0.0753442 0.0558163
3    0.553702 0.0644975 0.272224 0.109577
4    0.0163834 0.817513 0.0764217 0.0896817
5    0.280383 0.0691415 0.649469 0.00100617
6    0.0589792 0.00621636 0.0304835 0.904321
7    0.000164896 9.82879e-06 0.999805     0
8    0.194467 0.254745 0.333707 0.21708
9    0.178079 0.273753 0.233277 0.314891
XX
CC  program: cis-bp
CC  matrix.nb: 1
CC  accession: mxl-3
CC  AC: mxl-3
CC  id: mxl-3
CC  name: mxl-3
CC  version: 
CC  matrix.nb: 1
CC  consensus.strict: ccacgtggt
CC  consensus.strict.rc: ACCACGTGG
CC  consensus.IUPAC: scrcrtgsy
CC  consensus.IUPAC.rc: RSCAYGYGS
CC  consensus.regexp: [cg]c[ag]c[ag]tg[cg][ct]
CC  consensus.regexp.rc: [AG][CG]CA[CT]G[CT]G[CG]
XX
//
AC  mxl-3
XX
ID  mxl-3
XX
DE  accacrtgg
P0       A     C     G     T
1    0.351977 0.203073 0.23359 0.211361
2    0.227947 0.29269 0.234889 0.244475
3    0.166972 0.733497 0.0544794 0.0450523
4    0.619065 0.0441773 0.239418 0.09734
5    0.00765135 0.849699 0.0548654 0.0877843
6    0.330225 0.029072 0.638917 0.00178564
7    0.10174 0.0205409 0.021594 0.856125
8    0.000389094 4.86096e-05 0.968807 0.0307554
9    0.187081 0.24507 0.354796 0.213053
XX
CC  program: cis-bp
CC  matrix.nb: 1
CC  accession: mxl-3
CC  AC: mxl-3
CC  id: mxl-3
CC  name: mxl-3
CC  version: 
CC  matrix.nb: 1
CC  consensus.strict: accacgtgg
CC  consensus.strict.rc: CCACGTGGT
CC  consensus.IUPAC: accacrtgg
CC  consensus.IUPAC.rc: CCAYGTGGT
CC  consensus.regexp: accac[ag]tgg
CC  consensus.regexp.rc: CCA[CT]GTGGT
XX
//
AC  mxl-3
XX
ID  mxl-3
XX
DE  rccrcrtgs
P0       A     C     G     T
1    0.289595 0.24189 0.283861 0.184654
2    0.208936 0.3923 0.215299 0.183466
3    0.19023 0.670642 0.0846255 0.0545019
4    0.482082 0.0889535 0.313598 0.115366
5    0.0153619 0.797825 0.0674839 0.11933
6    0.289914 0.0474456 0.658249 0.00439112
7    0.0523439 0.0214953 0.0121562 0.914005
8    0.000116198 1.75542e-05 0.999784     0
9    0.174078 0.304753 0.32685 0.194319
XX
CC  program: cis-bp
CC  matrix.nb: 1
CC  accession: mxl-3
CC  AC: mxl-3
CC  id: mxl-3
CC  name: mxl-3
CC  version: 
CC  matrix.nb: 1
CC  consensus.strict: accacgtgg
CC  consensus.strict.rc: CCACGTGGT
CC  consensus.IUPAC: rccrcrtgs
CC  consensus.IUPAC.rc: SCAYGYGGY
CC  consensus.regexp: [ag]cc[ag]c[ag]tg[cg]
CC  consensus.regexp.rc: [CG]CA[CT]G[CT]GG[CT]
XX
//
AC  lin-32
XX
ID  lin-32
XX
DE  rmcatatgtt
P0       A     C     G     T
1    0.294121 0.202526 0.300826 0.202526
2    0.303479 0.500296 0.0981126 0.0981126
3    1.06698e-05 0.999968 1.06698e-05     0
4    0.999968 1.06698e-05 1.06698e-05     0
5    1.06698e-05 1.06698e-05 0.0879234 0.912055
6    0.912055 0.0879234 1.06698e-05     0
7    1.06698e-05 1.06698e-05 1.06698e-05 0.999968
8    1.06698e-05 1.06698e-05 0.999968     0
9    0.0474843 0.118649 0.168178 0.665688
10   0.151898 0.243456 0.221525 0.383121
XX
CC  program: cis-bp
CC  matrix.nb: 1
CC  accession: lin-32
CC  AC: lin-32
CC  id: lin-32
CC  name: lin-32
CC  version: 
CC  matrix.nb: 1
CC  consensus.strict: gccatatgtt
CC  consensus.strict.rc: AACATATGGC
CC  consensus.IUPAC: rmcatatgtt
CC  consensus.IUPAC.rc: AACATATGKY
CC  consensus.regexp: [ag][ac]catatgtt
CC  consensus.regexp.rc: AACATATG[GT][CT]
XX
//
AC  hlh-28_hlh-29
XX
ID  hlh-28_hlh-29
XX
DE  mcaygcgt
P0       A     C     G     T
1    0.416667 0.583333     0     0
2        0     1     0     0
3        1     0     0     0
4        0 0.588235     0 0.411765
5        0     0     1     0
6        0     1     0     0
7        0     0     1     0
8        0 0.181818     0 0.818182
XX
CC  program: cis-bp
CC  matrix.nb: 1
CC  accession: hlh-28_hlh-29
CC  AC: hlh-28_hlh-29
CC  id: hlh-28_hlh-29
CC  name: hlh-28_hlh-29
CC  version: 
CC  matrix.nb: 1
CC  consensus.strict: ccacgcgt
CC  consensus.strict.rc: ACGCGTGG
CC  consensus.IUPAC: mcaygcgt
CC  consensus.IUPAC.rc: ACGCRTGK
CC  consensus.regexp: [ac]ca[ct]gcgt
CC  consensus.regexp.rc: ACGC[AG]TG[GT]
XX
//
AC  mxl-3
XX
ID  mxl-3
XX
DE  scacgtgt
P0       A     C     G     T
1    0.0833333 0.666667  0.25     0
2        0     1     0     0
3        1     0     0     0
4        0     1     0     0
5        0     0     1     0
6        0     0     0     1
7        0     0     1     0
8    0.0909091 0.181818 0.0909091 0.636364
XX
CC  program: cis-bp
CC  matrix.nb: 1
CC  accession: mxl-3
CC  AC: mxl-3
CC  id: mxl-3
CC  name: mxl-3
CC  version: 
CC  matrix.nb: 1
CC  consensus.strict: ccacgtgt
CC  consensus.strict.rc: ACACGTGG
CC  consensus.IUPAC: scacgtgt
CC  consensus.IUPAC.rc: ACACGTGS
CC  consensus.regexp: [cg]cacgtgt
CC  consensus.regexp.rc: ACACGTG[CG]
XX
//
AC  hlh-11
XX
ID  hlh-11
XX
DE  atcagctga
P0       A     C     G     T
1        1     0     0     0
2        0     0     0     1
3        0     1     0     0
4        1     0     0     0
5        0     0     1     0
6        0     1     0     0
7        0     0     0     1
8        0     0     1     0
9        1     0     0     0
XX
CC  program: cis-bp
CC  matrix.nb: 1
CC  accession: hlh-11
CC  AC: hlh-11
CC  id: hlh-11
CC  name: hlh-11
CC  version: 
CC  matrix.nb: 1
CC  consensus.strict: atcagctga
CC  consensus.strict.rc: TCAGCTGAT
CC  consensus.IUPAC: atcagctga
CC  consensus.IUPAC.rc: TCAGCTGAT
CC  consensus.regexp: atcagctga
CC  consensus.regexp.rc: TCAGCTGAT
XX
//
AC  ref-1
XX
ID  ref-1
XX
DE  scacgtgk
P0       A     C     G     T
1    0.0833333 0.333333 0.583333     0
2        0     1     0     0
3        1     0     0     0
4        0     1     0     0
5        0     0     1     0
6        0 0.0555556     0 0.944444
7        0     0     1     0
8        0 0.0833333  0.25 0.666667
XX
CC  program: cis-bp
CC  matrix.nb: 1
CC  accession: ref-1
CC  AC: ref-1
CC  id: ref-1
CC  name: ref-1
CC  version: 
CC  matrix.nb: 1
CC  consensus.strict: gcacgtgt
CC  consensus.strict.rc: ACACGTGC
CC  consensus.IUPAC: scacgtgk
CC  consensus.IUPAC.rc: MCACGTGS
CC  consensus.regexp: [cg]cacgtg[gt]
CC  consensus.regexp.rc: [AC]CACGTG[CG]
XX
//
AC  hlh-30
XX
ID  hlh-30
XX
DE  tcacgtgw
P0       A     C     G     T
1        0     0     0     1
2        0     1     0     0
3        1     0     0     0
4        0     1     0     0
5        0     0     1     0
6        0     0     0     1
7        0     0     1     0
8    0.666667     0     0 0.333333
XX
CC  program: cis-bp
CC  matrix.nb: 1
CC  accession: hlh-30
CC  AC: hlh-30
CC  id: hlh-30
CC  name: hlh-30
CC  version: 
CC  matrix.nb: 1
CC  consensus.strict: tcacgtga
CC  consensus.strict.rc: TCACGTGA
CC  consensus.IUPAC: tcacgtgw
CC  consensus.IUPAC.rc: WCACGTGA
CC  consensus.regexp: tcacgtg[at]
CC  consensus.regexp.rc: [AT]CACGTGA
XX
//
AC  hlh-10
XX
ID  hlh-10
XX
DE  catatatg
P0       A     C     G     T
1        0     1     0     0
2        1     0     0     0
3        0     0     0     1
4        1     0     0     0
5        0     0     0     1
6        1     0     0     0
7        0     0     0     1
8        0     0     1     0
XX
CC  program: cis-bp
CC  matrix.nb: 1
CC  accession: hlh-10
CC  AC: hlh-10
CC  id: hlh-10
CC  name: hlh-10
CC  version: 
CC  matrix.nb: 1
CC  consensus.strict: catatatg
CC  consensus.strict.rc: CATATATG
CC  consensus.IUPAC: catatatg
CC  consensus.IUPAC.rc: CATATATG
CC  consensus.regexp: catatatg
CC  consensus.regexp.rc: CATATATG
XX
//
AC  Y44A6D.3
XX
ID  Y44A6D.3
XX
DE  rtgcgcrrt
P0       A     C     G     T
1    0.264626 0.230055 0.343202 0.162117
2    0.0350557 0.229738 0.00964982 0.725557
3    0.000775877 0.000129541 0.998484 0.000610326
4    0.000515364 0.999363 6.00317e-05     0
5    0.000655044 0.000120868 0.999191     0
6    0.0153273 0.953021 0.0129311 0.0187208
7    0.398849 0.00901224 0.577428 0.0147108
8    0.371096 0.0727087 0.439862 0.116333
9    0.247681 0.247681 0.21106 0.293578
XX
CC  program: cis-bp
CC  matrix.nb: 1
CC  accession: Y44A6D.3
CC  AC: Y44A6D.3
CC  id: Y44A6D.3
CC  name: Y44A6D.3
CC  version: 
CC  matrix.nb: 1
CC  consensus.strict: gtgcgcggt
CC  consensus.strict.rc: ACCGCGCAC
CC  consensus.IUPAC: rtgcgcrrt
CC  consensus.IUPAC.rc: AYYGCGCAY
CC  consensus.regexp: [ag]tgcgc[ag][ag]t
CC  consensus.regexp.rc: A[CT][CT]GCGCA[CT]
XX
//
AC  atf-7
XX
ID  atf-7
XX
DE  rrtgacgtsa
P0       A     C     G     T
1    0.275256 0.135848 0.360715 0.228181
2    0.628116 0.0446669 0.282551 0.0446669
3    4.82325e-05 4.82325e-05 4.82325e-05 0.999855
4    4.82325e-05 4.82325e-05 0.999855     0
5    0.999855 4.82325e-05 4.82325e-05     0
6    4.82325e-05 0.999855 4.82325e-05     0
7    4.82325e-05 4.82325e-05 0.999855     0
8    4.82325e-05 4.82325e-05 4.82325e-05 0.999855
9    0.204469 0.36247 0.318861 0.1142
10   0.383856 0.205381 0.205381 0.205381
XX
CC  program: cis-bp
CC  matrix.nb: 1
CC  accession: atf-7
CC  AC: atf-7
CC  id: atf-7
CC  name: atf-7
CC  version: 
CC  matrix.nb: 1
CC  consensus.strict: gatgacgtca
CC  consensus.strict.rc: TGACGTCATC
CC  consensus.IUPAC: rrtgacgtsa
CC  consensus.IUPAC.rc: TSACGTCAYY
CC  consensus.regexp: [ag][ag]tgacgt[cg]a
CC  consensus.regexp.rc: T[CG]ACGTCA[CT][CT]
XX
//
AC  C27D6.4
XX
ID  C27D6.4
XX
DE  ygccacgtgk
P0       A     C     G     T
1    0.17557 0.261504 0.17557 0.387356
2    0.0954043 0.0954043 0.639645 0.169546
3    0.160935 0.838902 8.1699e-05     0
4    8.1699e-05 0.999755 8.1699e-05     0
5    0.999755 8.1699e-05 8.1699e-05     0
6    8.1699e-05 0.999755 8.1699e-05     0
7    8.1699e-05 8.1699e-05 0.999755     0
8    8.1699e-05 8.1699e-05 8.1699e-05 0.999755
9    0.165231 0.153373 0.606884 0.0745115
10   0.233539 0.154677 0.277113 0.334671
XX
CC  program: cis-bp
CC  matrix.nb: 1
CC  accession: C27D6.4
CC  AC: C27D6.4
CC  id: C27D6.4
CC  name: C27D6.4
CC  version: 
CC  matrix.nb: 1
CC  consensus.strict: tgccacgtgt
CC  consensus.strict.rc: ACACGTGGCA
CC  consensus.IUPAC: ygccacgtgk
CC  consensus.IUPAC.rc: MCACGTGGCR
CC  consensus.regexp: [ct]gccacgtg[gt]
CC  consensus.regexp.rc: [AC]CACGTGGC[AG]
XX
//
AC  D1005.3
XX
ID  D1005.3
XX
DE  aawttaygaaatata
P0       A     C     G     T
1    0.327426 0.224191 0.224191 0.224191
2    0.327426 0.224191 0.224191 0.224191
3    0.289712 0.202351 0.202351 0.305586
4    0.0940245 0.0940245 0.0940245 0.717927
5    0.0243811 0.116341 0.0243811 0.834897
6    0.712753 0.0243811 0.238485 0.0243811
7    0.0243811 0.433975 0.0243811 0.517263
8    0.170897 0.000133003 0.725602 0.103368
9    0.735701 0.117902 0.0259417 0.120455
10   0.742853 0.0259417 0.117902 0.113303
11   0.681291 0.139742 0.0477821 0.131184
12   0.156109 0.156109 0.248069 0.439714
13   0.322744 0.225752 0.225752 0.225752
14   0.225752 0.225752 0.225752 0.322744
15   0.322744 0.225752 0.225752 0.225752
XX
CC  program: cis-bp
CC  matrix.nb: 1
CC  accession: D1005.3
CC  AC: D1005.3
CC  id: D1005.3
CC  name: D1005.3
CC  version: 
CC  matrix.nb: 1
CC  consensus.strict: aatttatgaaatata
CC  consensus.strict.rc: TATATTTCATAAATT
CC  consensus.IUPAC: aawttaygaaatata
CC  consensus.IUPAC.rc: TATATTTCRTAAWTT
CC  consensus.regexp: aa[at]tta[ct]gaaatata
CC  consensus.regexp.rc: TATATTTC[AG]TAA[AT]TT
XX
//
AC  crh-1
XX
ID  crh-1
XX
DE  drtgrcrwrr
P0       A     C     G     T
1    0.2606 0.193057 0.290902 0.25544
2    0.29793 0.203743 0.261611 0.236716
3    0.174845 0.166318 0.245649 0.413188
4    0.18621 0.177128 0.390283 0.246379
5    0.445741 0.112139 0.281389 0.160732
6    0.171869 0.422731 0.182497 0.222903
7    0.256025 0.100011 0.480715 0.163249
8    0.268049 0.185151 0.235372 0.311428
9    0.340203 0.18301 0.278534 0.198253
10   0.336613 0.15125 0.270138 0.241999
XX
CC  program: cis-bp
CC  matrix.nb: 1
CC  accession: crh-1
CC  AC: crh-1
CC  id: crh-1
CC  name: crh-1
CC  version: 
CC  matrix.nb: 1
CC  consensus.strict: gatgacgtaa
CC  consensus.strict.rc: TTACGTCATC
CC  consensus.IUPAC: drtgrcrwrr
CC  consensus.IUPAC.rc: YYWYGYCAYH
CC  consensus.regexp: [agt][ag]tg[ag]c[ag][at][ag][ag]
CC  consensus.regexp.rc: [CT][CT][AT][CT]G[CT]CA[CT][ACT]
XX
//
AC  crh-1
XX
ID  crh-1
XX
DE  rtgacgta
P0       A     C     G     T
1    0.462274 0.086092 0.387038 0.0645959
2    0.0236933 0.0158218 7.87154e-05 0.960406
3    7.29714e-05 0.0219644 0.802758 0.175204
4    0.99979 6.99105e-05 6.99105e-05     0
5    6.99105e-05 0.99979 6.99105e-05     0
6    0.00711067 7.04027e-05 0.992749     0
7    0.0901477 0.198217 9.00576e-05 0.711545
8    0.599825 0.137556 0.162544 0.100075
XX
CC  program: cis-bp
CC  matrix.nb: 1
CC  accession: crh-1
CC  AC: crh-1
CC  id: crh-1
