AC  AC002126.6_MEF2A_M1776_0.90_1
XX
ID  AC002126.6_MEF2A_M1776_0.90_1
XX
DE  CTAwAAATAG
PO       A     C     G     T
1    3.44828 86.2069     0 10.3448
2        0 3.44828     0 96.5517
3    96.5517     0     0 3.44828
4    36.2069     0     0 63.7931
5    89.6552     0     0 10.3448
6    84.4828     0     0 15.5172
7    94.8276     0 1.72414 3.44828
8        0     0 1.72414 98.2759
9      100     0     0     0
10   12.069     0 86.2069 1.72414
XX
CC  program: cis-bp
CC  matrix.nb: 1
CC  accession: AC002126.6_MEF2A_M1776_0.90_1
CC  AC: AC002126.6_MEF2A_M1776_0.90_1
CC  id: AC002126.6_MEF2A_M1776_0.90_1
CC  name: AC002126.6_MEF2A_M1776_0.90_1
CC  version: 
CC  matrix.nb: 1
CC  consensus.strict: CTAtAAATAG
CC  consensus.strict.rc: CTATTTATAG
CC  consensus.IUPAC: CTAwAAATAG
CC  consensus.IUPAC.rc: CTATTTWTAG
CC  consensus.regexp: CTA[at]AAATAG
CC  consensus.regexp.rc: CTATTT[AT]TAG
XX
//
AC  AC002126.6_MEF2A_M2953_0.90_1
XX
ID  AC002126.6_MEF2A_M2953_0.90_1
XX
DE  rGrGTTATTTTTAGAg
PO       A     C     G     T
1       60     0    40     0
2       20     0    80     0
3       60     0    40     0
4        0     0   100     0
5        0     0     0   100
6        0     0     0   100
7      100     0     0     0
8        0     0     0   100
9        0     0     0   100
10       0     0     0   100
11       0     0     0   100
12       0     0     0   100
13     100     0     0     0
14      20     0    80     0
15      80    20     0     0
16      20    20    60     0
XX
CC  program: cis-bp
CC  matrix.nb: 1
CC  accession: AC002126.6_MEF2A_M2953_0.90_1
CC  AC: AC002126.6_MEF2A_M2953_0.90_1
CC  id: AC002126.6_MEF2A_M2953_0.90_1
CC  name: AC002126.6_MEF2A_M2953_0.90_1
CC  version: 
CC  matrix.nb: 1
CC  consensus.strict: aGaGTTATTTTTAGAg
CC  consensus.strict.rc: CTCTAAAAATAACTCT
CC  consensus.IUPAC: rGrGTTATTTTTAGAg
CC  consensus.IUPAC.rc: CTCTAAAAATAACYCY
CC  consensus.regexp: [ag]G[ag]GTTATTTTTAGAg
CC  consensus.regexp.rc: CTCTAAAAATAAC[CT]C[CT]
XX
//
AC  AC002126.6_MEF2A_M2954_0.90_1
XX
ID  AC002126.6_MEF2A_M2954_0.90_1
XX
DE  akrdkCTATTTwTAGmwcsssv
PO       A     C     G     T
1       32    22    23    23
2       23    13    34    30
3       28    15    37    20
4       28     8    28    36
5        9    11    46    34
6        1    90     0     9
7        0     0     0   100
8      100     0     0     0
9        6     1     0    93
10       4     0     0    96
11       8     1     0    91
12   41.8367     0     0 58.1633
13      15     0     0    85
14      89     0     8     3
15       9     3    85     3
16      33    43     4    20
17      37    21     9    33
18      23    43    12    22
19      23    33    25    19
20      19    27    36    18
21      21    31    32    16
22      42    25    28     5
XX
CC  program: cis-bp
CC  matrix.nb: 1
CC  accession: AC002126.6_MEF2A_M2954_0.90_1
CC  AC: AC002126.6_MEF2A_M2954_0.90_1
CC  id: AC002126.6_MEF2A_M2954_0.90_1
CC  name: AC002126.6_MEF2A_M2954_0.90_1
CC  version: 
CC  matrix.nb: 1
CC  consensus.strict: aggtgCTATTTtTAGcaccgga
CC  consensus.strict.rc: TCCGGTGCTAAAAATAGCACCT
CC  consensus.IUPAC: akrdkCTATTTwTAGmwcsssv
CC  consensus.IUPAC.rc: BSSSGWKCTAWAAATAGMHYMT
CC  consensus.regexp: a[gt][ag][agt][gt]CTATTT[at]TAG[ac][at]c[cg][cg][cg][acg]
CC  consensus.regexp.rc: [CGT][CG][CG][CG]G[AT][GT]CTA[AT]AAATAG[AC][ACT][CT][AC]T
XX
//
AC  AC002126.6_MEF2A_M2955_0.90_1
XX
ID  AC002126.6_MEF2A_M2955_0.90_1
XX
DE  kkddkCTATTTwTAGmwmchba
PO       A     C     G     T
1       19    23    28    30
2       24    18    28    30
3       34     6    34    26
4       25     6    27    42
5       11     4    39    46
6        3    92     0     5
7        2     0     0    98
8      100     0     0     0
9        1     0     0    99
10   5.05051 2.0202 1.0101 91.9192
11       8     0     0    92
12      47     0     0    53
13      19     1     0    80
14     100     0     0     0
15       2     0    98     0
16      42    39     4    15
17      50     9    10    31
18      26    49     3    22
19      24    37    21    18
20   32.6531 26.5306 14.2857 26.5306
21      18    29    27    26
22      32    24    22    22
XX
CC  program: cis-bp
CC  matrix.nb: 1
CC  accession: AC002126.6_MEF2A_M2955_0.90_1
CC  AC: AC002126.6_MEF2A_M2955_0.90_1
CC  id: AC002126.6_MEF2A_M2955_0.90_1
CC  name: AC002126.6_MEF2A_M2955_0.90_1
CC  version: 
CC  matrix.nb: 1
CC  consensus.strict: ttattCTATTTtTAGaaccaca
CC  consensus.strict.rc: TGTGGTTCTAAAAATAGAATAA
CC  consensus.IUPAC: kkddkCTATTTwTAGmwmchba
CC  consensus.IUPAC.rc: TVDGKWKCTAWAAATAGMHHMM
CC  consensus.regexp: [gt][gt][agt][agt][gt]CTATTT[at]TAG[ac][at][ac]c[act][cgt]a
CC  consensus.regexp.rc: T[ACG][AGT]G[GT][AT][GT]CTA[AT]AAATAG[AC][ACT][ACT][AC][AC]
XX
//
AC  AC002126.6_MEF2A_M2956_0.90_1
XX
ID  AC002126.6_MEF2A_M2956_0.90_1
XX
DE  msTGTTaCTAwAAATAGAAmmt
PO       A     C     G     T
1       41    27    15    17
2       13    43    32    12
3        7     9     7    77
4        7     0    84     9
5        9     0     7    84
6        0 1.0989 4.3956 94.5055
7       63     1    20    16
8        0    98     2     0
9        0     2     0    98
10      91     2     0     7
11      68     0     0    32
12     100     0     0     0
13     100     0     0     0
14     100     0     0     0
15       0     2     0    98
16     100     0     0     0
17       2     0    98     0
18      80     9     6     5
19      72     6     0    22
20   43.4343 36.3636 2.0202 18.1818
21      27    48     9    16
22      21    23    17    39
XX
CC  program: cis-bp
CC  matrix.nb: 1
CC  accession: AC002126.6_MEF2A_M2956_0.90_1
CC  AC: AC002126.6_MEF2A_M2956_0.90_1
CC  id: AC002126.6_MEF2A_M2956_0.90_1
CC  name: AC002126.6_MEF2A_M2956_0.90_1
CC  version: 
CC  matrix.nb: 1
CC  consensus.strict: acTGTTaCTAaAAATAGAAact
CC  consensus.strict.rc: AGTTTCTATTTTTAGTAACAGT
CC  consensus.IUPAC: msTGTTaCTAwAAATAGAAmmt
CC  consensus.IUPAC.rc: AKKTTCTATTTWTAGTAACASK
CC  consensus.regexp: [ac][cg]TGTTaCTA[at]AAATAGAA[ac][ac]t
CC  consensus.regexp.rc: A[GT][GT]TTCTATTT[AT]TAGTAACA[CG][GT]
XX
//
AC  AC002126.6_MEF2A_M3198_0.90_1
XX
ID  AC002126.6_MEF2A_M3198_0.90_1
XX
DE  rdkCTATTTwTAGmwt
PO       A     C     G     T
1    44.7368 10.5263 31.5789 13.1579
2    26.3158 5.26316 34.2105 34.2105
3    7.89474 7.89474 31.5789 52.6316
4        0 92.1053     0 7.89474
5        0     0     0   100
6      100     0     0     0
7    2.63158     0     0 97.3684
8    13.1579     0     0 86.8421
9    21.0526     0     0 78.9474
10   60.5263     0     0 39.4737
11       0     0     0   100
12     100     0     0     0
13   10.5263 2.63158 86.8421     0
14   36.8421 52.6316     0 10.5263
15   31.5789 15.7895 5.26316 47.3684
16   13.1579 23.6842 13.1579    50
XX
CC  program: cis-bp
CC  matrix.nb: 1
CC  accession: AC002126.6_MEF2A_M3198_0.90_1
CC  AC: AC002126.6_MEF2A_M3198_0.90_1
CC  id: AC002126.6_MEF2A_M3198_0.90_1
CC  name: AC002126.6_MEF2A_M3198_0.90_1
CC  version: 
CC  matrix.nb: 1
CC  consensus.strict: agtCTATTTaTAGctt
CC  consensus.strict.rc: AAGCTATAAATAGACT
CC  consensus.IUPAC: rdkCTATTTwTAGmwt
CC  consensus.IUPAC.rc: AWKCTAWAAATAGMHY
CC  consensus.regexp: [ag][agt][gt]CTATTT[at]TAG[ac][at]t
CC  consensus.regexp.rc: A[AT][GT]CTA[AT]AAATAG[AC][ACT][CT]
XX
//
AC  AC002126.6_MEF2A_M3661_0.90_1
XX
ID  AC002126.6_MEF2A_M3661_0.90_1
XX
DE  rdkcyAAAAATAGmh
PO       A     C     G     T
1    31.0573 15.4185 30.6167 22.9075
2    31.0573 10.5727 27.0925 31.2775
3    16.0793 10.1322 38.5463 35.2423
4    14.978 64.0969 5.7269 15.1982
5        0 50.6608     0 49.3392
6    71.1454 12.9956 2.4229 13.4361
7    70.4846 1.9824 11.4537 16.0793
8    93.8326     0 4.4053 1.7621
9    90.5286 0.4405 0.2203 8.8106
10   92.511     0     0 7.489
11   3.304     0     0 96.696
12   95.815     0 4.185     0
13   20.9251 5.28631 70.2644 3.5242
14   41.63 35.4626 9.03079 13.8767
15   38.7665 26.2115 7.04849 27.9736
XX
CC  program: cis-bp
CC  matrix.nb: 1
CC  accession: AC002126.6_MEF2A_M3661_0.90_1
CC  AC: AC002126.6_MEF2A_M3661_0.90_1
CC  id: AC002126.6_MEF2A_M3661_0.90_1
CC  name: AC002126.6_MEF2A_M3661_0.90_1
CC  version: 
CC  matrix.nb: 1
CC  consensus.strict: atgccAAAAATAGaa
CC  consensus.strict.rc: TTCTATTTTTGGCAT
CC  consensus.IUPAC: rdkcyAAAAATAGmh
CC  consensus.IUPAC.rc: DKCTATTTTTRGMHY
CC  consensus.regexp: [ag][agt][gt]c[ct]AAAAATAG[ac][act]
CC  consensus.regexp.rc: [AGT][GT]CTATTTTT[AG]G[AC][ACT][CT]
XX
//
AC  AC002126.6_MEF2C_M3662_0.90_1
XX
ID  AC002126.6_MEF2C_M3662_0.90_1
XX
DE  rdkcyAAAAATAGmw
PO       A     C     G     T
1    31.3525 14.5492 31.1475 22.9508
2    29.7131 11.4754 27.6639 31.1475
3    13.9344 12.2951 38.7295 35.041
4    14.3443 64.7541 4.918 15.9836
5        0 53.0738 0.4098 46.5164
6    69.0574 14.5492 3.6885 12.7049
7    71.9263 1.6393 12.9098 13.5246
8    93.0328     0 4.918 2.0492
9    89.3443 0.2049 0.2049 10.2459
10   88.9344     0 1.0246 10.041
11   3.6885     0 0.4098 95.9017
12   93.8525     0 6.1475     0
13   17.2131 5.32789 74.5901 2.8689
14   38.1148 39.1393 8.6066 14.1393
15   38.3197 23.5656 7.1721 30.9426
XX
CC  program: cis-bp
CC  matrix.nb: 1
CC  accession: AC002126.6_MEF2C_M3662_0.90_1
CC  AC: AC002126.6_MEF2C_M3662_0.90_1
CC  id: AC002126.6_MEF2C_M3662_0.90_1
CC  name: AC002126.6_MEF2C_M3662_0.90_1
CC  version: 
CC  matrix.nb: 1
CC  consensus.strict: atgccAAAAATAGca
CC  consensus.strict.rc: TGCTATTTTTGGCAT
CC  consensus.IUPAC: rdkcyAAAAATAGmw
CC  consensus.IUPAC.rc: WKCTATTTTTRGMHY
CC  consensus.regexp: [ag][agt][gt]c[ct]AAAAATAG[ac][at]
CC  consensus.regexp.rc: [AT][GT]CTATTTTT[AG]G[AC][ACT][CT]
XX
//
AC  AC226150.2_M0825_0.90_1
XX
ID  AC226150.2_M0825_0.90_1
XX
DE  tTkACAwG
PO       A     C     G     T
1    7.1556 12.5089 16.0778 64.2577
2    3.71422 0.0123396 1.2463 95.0271
3    7.15136 0.0118991 64.267 28.5697
4    99.9651 0.0116225 0.0116225 0.0116225
5    0.0116225 88.3426 0.0116225 11.6341
6    83.6936 13.9586 1.17387 1.17387
7    52.617 3.95844 7.90373 35.5208
8    22.0359 1.7107 76.2364 0.0169377
XX
CC  program: cis-bp
CC  matrix.nb: 1
CC  accession: AC226150.2_M0825_0.90_1
CC  AC: AC226150.2_M0825_0.90_1
CC  id: AC226150.2_M0825_0.90_1
CC  name: AC226150.2_M0825_0.90_1
CC  version: 
CC  matrix.nb: 1
CC  consensus.strict: tTgACAaG
CC  consensus.strict.rc: CTTGTCAA
CC  consensus.IUPAC: tTkACAwG
CC  consensus.IUPAC.rc: CWTGTMAA
CC  consensus.regexp: tT[gt]ACA[at]G
CC  consensus.regexp.rc: C[AT]TGT[AC]AA
XX
//
AC  AHRR_AHR_M2406_0.90_1
XX
ID  AHRR_AHR_M2406_0.90_1
XX
DE  wstCACGCwAsyysGrrg
PO       A     C     G     T
1    33.3333     0     0 66.6667
2        0 55.5556 33.3333 11.1111
3    11.1111 11.1111 11.1111 66.6667
4        0   100     0     0
5      100     0     0     0
6        0   100     0     0
7        0     0   100     0
8        0   100     0     0
9    33.3333 11.1111 22.2222 33.3333
10     100     0     0     0
11       0 44.4444 55.5556     0
12   11.1111 44.4444 11.1111 33.3333
13       0 55.5556     0 44.4444
14   11.1111 33.3333 33.3333 22.2222
15       0 22.2222 77.7778     0
16   33.3333 11.1111 55.5556     0
17   33.3333     0 66.6667     0
18   11.1111 22.2222 66.6667     0
XX
CC  program: cis-bp
CC  matrix.nb: 1
CC  accession: AHRR_AHR_M2406_0.90_1
CC  AC: AHRR_AHR_M2406_0.90_1
CC  id: AHRR_AHR_M2406_0.90_1
CC  name: AHRR_AHR_M2406_0.90_1
CC  version: 
CC  matrix.nb: 1
CC  consensus.strict: tctCACGCaAgcccGggg
CC  consensus.strict.rc: CCCCGGGCTTGCGTGAGA
CC  consensus.IUPAC: wstCACGCwAsyysGrrg
CC  consensus.IUPAC.rc: CYYCSRRSTWGCGTGASW
CC  consensus.regexp: [at][cg]tCACGC[at]A[cg][ct][ct][cg]G[ag][ag]g
CC  consensus.regexp.rc: C[CT][CT]C[CG][AG][AG][CG]T[AT]GCGTGA[CG][AT]
XX
//
AC  AHRR_M4361_0.90_1
XX
ID  AHRR_M4361_0.90_1
XX
DE  saTTGCGTGAC
PO       A     C     G     T
1        0 61.5385 38.4615     0
2    61.5385 7.69231 15.3846 15.3846
3        0     0     0   100
4        0 23.0769     0 76.9231
5        0     0   100     0
6        0   100     0     0
7        0     0   100     0
8        0     0     0   100
9        0     0   100     0
10     100     0     0     0
11       0 76.9231     0 23.0769
XX
CC  program: cis-bp
CC  matrix.nb: 1
CC  accession: AHRR_M4361_0.90_1
CC  AC: AHRR_M4361_0.90_1
CC  id: AHRR_M4361_0.90_1
CC  name: AHRR_M4361_0.90_1
CC  version: 
CC  matrix.nb: 1
CC  consensus.strict: caTTGCGTGAC
CC  consensus.strict.rc: GTCACGCAATG
CC  consensus.IUPAC: saTTGCGTGAC
CC  consensus.IUPAC.rc: GTCACGCAATS
CC  consensus.regexp: [cg]aTTGCGTGAC
CC  consensus.regexp.rc: GTCACGCAAT[CG]
XX
//
AC  AHRR_M4380_0.90_1
XX
ID  AHRR_M4380_0.90_1
XX
DE  TGCGTGAC
PO       A     C     G     T
1        0    10     0    90
2        0     0   100     0
3        0    90     0    10
4        0    10    90     0
5        0     0     0   100
6        0     0   100     0
7      100     0     0     0
8        0    80     0    20
XX
CC  program: cis-bp
CC  matrix.nb: 1
CC  accession: AHRR_M4380_0.90_1
CC  AC: AHRR_M4380_0.90_1
CC  id: AHRR_M4380_0.90_1
CC  name: AHRR_M4380_0.90_1
CC  version: 
CC  matrix.nb: 1
CC  consensus.strict: TGCGTGAC
CC  consensus.strict.rc: GTCACGCA
CC  consensus.IUPAC: TGCGTGAC
CC  consensus.IUPAC.rc: GTCACGCA
CC  consensus.regexp: TGCGTGAC
CC  consensus.regexp.rc: GTCACGCA
XX
//
AC  AL773544.1_CR388229.2_CR847794.3_AL662833.4_CR759815.4_BX088580.2_M1855_0.90_1
XX
ID  AL773544.1_CR388229.2_CR847794.3_AL662833.4_CR759815.4_BX088580.2_M1855_0.90_1
XX
DE  aTtTGCATrwsAAwr
PO       A     C     G     T
1    61.4989 15.2094 8.74357 14.5481
2    3.8942 5.51065 2.42469 88.1705
3    6.75477 23.1278 4.99266 65.1248
4    19.707 2.1978 1.17216 76.9231
5    14.3275 9.42982 75.2193 1.02339
6    7.59679 90.504 1.16874 0.73046
7    97.2973 1.09569 0.36523 1.24178
8    5.84368 1.7531 2.19138 90.2118
9    44.7042 13.5866 26.6618 15.0475
10   66.2527 2.11833 1.31483 30.3141
11   4.6019 60.263 26.5157 8.61943
12   89.9196 5.77064 0.876552 3.43316
13   92.9042 2.6335 3.65764 0.804682
14   51.3177 2.04978 4.24597 42.3865
15   28.5191 4.83871 62.0235 4.61877
XX
CC  program: cis-bp
CC  matrix.nb: 1
CC  accession: AL773544.1_CR388229.2_CR847794.3_AL662833.4_CR759815.4_BX088580.2_M1855_0.90_1
CC  AC: AL773544.1_CR388229.2_CR847794.3_AL662833.4_CR759815.4_BX088580.2_M1855_0.90_1
CC  id: AL773544.1_CR388229.2_CR847794.3_AL662833.4_CR759815.4_BX088580.2_M1855_0.90_1
CC  name: AL773544.1_CR388229.2_CR847794.3_AL662833.4_CR759815.4_BX088580.2_M1855_0.90_1
CC  version: 
CC  matrix.nb: 1
CC  consensus.strict: aTtTGCATaacAAag
CC  consensus.strict.rc: CTTTGTTATGCAAAT
CC  consensus.IUPAC: aTtTGCATrwsAAwr
CC  consensus.IUPAC.rc: YWTTSWYATGCAAAT
CC  consensus.regexp: aTtTGCAT[ag][at][cg]AA[at][ag]
CC  consensus.regexp.rc: [CT][AT]TT[CG][AT][CT]ATGCAAAT
XX
//
AC  AL773544.1_CR388229.2_CR847794.3_AL662833.4_CR759815.4_BX088580.2_M5265_0.90_1
XX
ID  AL773544.1_CR388229.2_CR847794.3_AL662833.4_CR759815.4_BX088580.2_M5265_0.90_1
XX
DE  TTwrMAwwwsAAwrr
PO       A     C     G     T
1        0 2.5424 6.77969 90.6779
2    6.7797 13.5593     0 79.661
3    32.2034 0.847499     0 66.9491
4    33.0508 15.2542 44.0678 7.62711
5    27.1186 72.8814     0     0
6    99.1525     0     0 0.8475
7    29.661 0.8475 4.2373 65.2542
8    46.6102 3.3898 24.5763 25.4237
9    54.2373 5.9322 1.6949 38.1356
10   23.7288 32.2034 28.8136 15.2542
11   83.0508 8.4746 0.8475 7.6271
12   91.5255 5.08471 3.3898     0
13   63.5593 1.6949 5.9322 28.8136
14   45.7627 4.2373 44.0678 5.9322
15   51.6949 10.1695 38.1356     0
XX
CC  program: cis-bp
CC  matrix.nb: 1
CC  accession: AL773544.1_CR388229.2_CR847794.3_AL662833.4_CR759815.4_BX088580.2_M5265_0.90_1
CC  AC: AL773544.1_CR388229.2_CR847794.3_AL662833.4_CR759815.4_BX088580.2_M5265_0.90_1
CC  id: AL773544.1_CR388229.2_CR847794.3_AL662833.4_CR759815.4_BX088580.2_M5265_0.90_1
CC  name: AL773544.1_CR388229.2_CR847794.3_AL662833.4_CR759815.4_BX088580.2_M5265_0.90_1
CC  version: 
CC  matrix.nb: 1
CC  consensus.strict: TTtgCAtaacAAaaa
CC  consensus.strict.rc: TTTTTGTTATGCAAA
CC  consensus.IUPAC: TTwrMAwwwsAAwrr
CC  consensus.IUPAC.rc: YYWTTSWWWTKYWAA
CC  consensus.regexp: TT[at][ag][AC]A[at][at][at][cg]AA[at][ag][ag]
CC  consensus.regexp.rc: [CT][CT][AT]TT[CG][AT][AT][AT]T[GT][CT][AT]AA
XX
//
AC  AL773544.1_CR388229.2_CR847794.3_AL662833.4_CR759815.4_BX088580.2_M5272_0.90_1
XX
ID  AL773544.1_CR388229.2_CR847794.3_AL662833.4_CR759815.4_BX088580.2_M5272_0.90_1
XX
DE  TtTGCATrwsAAwrr
PO       A     C     G     T
1    7.716 8.0247 4.9383 79.321
2    16.9753 20.0617 10.4938 52.4692
3    15.1235 2.1605 1.8519 80.8641
4    9.8765 3.7037 86.4198     0
5    7.716 92.284     0     0
6    97.2222     0     0 2.7778
7    3.3951 2.1605 1.2346 93.2098
8    46.6049 8.9506 26.8519 17.5926
9    65.7408 0.3086 1.2346 32.716
10   5.2469 57.0988 27.7778 9.8765
11   87.037 12.963     0     0
12   95.3704 2.1605 2.4691     0
13   42.5926 0.6173 2.7778 54.0123
14   28.3951 4.0123 62.3457 5.2469
15   25.9259 17.5926 50.6173 5.8642
XX
CC  program: cis-bp
CC  matrix.nb: 1
CC  accession: AL773544.1_CR388229.2_CR847794.3_AL662833.4_CR759815.4_BX088580.2_M5272_0.90_1
CC  AC: AL773544.1_CR388229.2_CR847794.3_AL662833.4_CR759815.4_BX088580.2_M5272_0.90_1
CC  id: AL773544.1_CR388229.2_CR847794.3_AL662833.4_CR759815.4_BX088580.2_M5272_0.90_1
CC  name: AL773544.1_CR388229.2_CR847794.3_AL662833.4_CR759815.4_BX088580.2_M5272_0.90_1
CC  version: 
CC  matrix.nb: 1
CC  consensus.strict: TtTGCATaacAAtgg
CC  consensus.strict.rc: CCATTGTTATGCAAA
CC  consensus.IUPAC: TtTGCATrwsAAwrr
CC  consensus.IUPAC.rc: YYWTTSWYATGCAAA
CC  consensus.regexp: TtTGCAT[ag][at][cg]AA[at][ag][ag]
CC  consensus.regexp.rc: [CT][CT][AT]TT[CG][AT][CT]ATGCAAA
XX
//
AC  AL773544.1_CR388229.2_CR847794.3_AL662833.4_CR759815.4_BX088580.2_M5277_0.90_1
XX
ID  AL773544.1_CR388229.2_CR847794.3_AL662833.4_CR759815.4_BX088580.2_M5277_0.90_1
XX
DE  aTTWGCATwwsAAwr
PO       A     C     G     T
1    59.697 12.1212 11.8182 16.3636
2    3.3333 4.2424 3.0303 89.394
3    4.2424 18.7879 1.8182 75.1515
4    27.5758     0 1.2121 71.2121
5    19.0909 8.1818 70.9091 1.8182
6    14.2424 85.7576     0     0
7    99.0909 0.9091     0     0
8    10.6061 3.0303 1.2121 85.1515
9    32.4242 14.2424 23.3333    30
10   55.7576 2.1212 1.2121 40.9091
11   7.5758 52.4242 34.2424 5.7576
12   89.3939 3.9394     0 6.6667
13   90.9091 3.3333 2.1212 3.6364
14   38.1818 1.5152 2.1212 58.1818
15   34.2424 6.3636 50.6061 8.7879
XX
CC  program: cis-bp
CC  matrix.nb: 1
CC  accession: AL773544.1_CR388229.2_CR847794.3_AL662833.4_CR759815.4_BX088580.2_M5277_0.90_1
CC  AC: AL773544.1_CR388229.2_CR847794.3_AL662833.4_CR759815.4_BX088580.2_M5277_0.90_1
CC  id: AL773544.1_CR388229.2_CR847794.3_AL662833.4_CR759815.4_BX088580.2_M5277_0.90_1
CC  name: AL773544.1_CR388229.2_CR847794.3_AL662833.4_CR759815.4_BX088580.2_M5277_0.90_1
CC  version: 
CC  matrix.nb: 1
CC  consensus.strict: aTTTGCATaacAAtg
CC  consensus.strict.rc: CATTGTTATGCAAAT
CC  consensus.IUPAC: aTTWGCATwwsAAwr
CC  consensus.IUPAC.rc: YWTTSWWATGCWAAT
CC  consensus.regexp: aTT[AT]GCAT[at][at][cg]AA[at][ag]
CC  consensus.regexp.rc: [CT][AT]TT[CG][AT][AT]ATGC[AT]AAT
XX
//
AC  AL844527.7_AL662824.5_CR759733.4_CR354565.3_CR936877.3_M1352_0.90_1
XX
ID  AL844527.7_AL662824.5_CR759733.4_CR354565.3_CR936877.3_M1352_0.90_1
XX
DE  grGGTCAy
PO       A     C     G     T
1    23.6119 19.4475 48.598 8.34259
2    39.8001 0.00970497 59.21 0.980202
3    0.00763126 0.770757 99.214     0
4    0.770757 0.00763126 95.3984 3.82326
5    0.00763126 0.770757 0.00763126 99.214
6    0.00763126 96.9246 1.53388 1.53388
7    93.629 0.00793399 6.35513     0
8    23.9135 36.9513 13.0487 26.0865
XX
CC  program: cis-bp
CC  matrix.nb: 1
CC  accession: AL844527.7_AL662824.5_CR759733.4_CR354565.3_CR936877.3_M1352_0.90_1
CC  AC: AL844527.7_AL662824.5_CR759733.4_CR354565.3_CR936877.3_M1352_0.90_1
CC  id: AL844527.7_AL662824.5_CR759733.4_CR354565.3_CR936877.3_M1352_0.90_1
CC  name: AL844527.7_AL662824.5_CR759733.4_CR354565.3_CR936877.3_M1352_0.90_1
CC  version: 
CC  matrix.nb: 1
CC  consensus.strict: ggGGTCAc
CC  consensus.strict.rc: GTGACCCC
CC  consensus.IUPAC: grGGTCAy
CC  consensus.IUPAC.rc: RTGACCYC
CC  consensus.regexp: g[ag]GGTCA[ct]
CC  consensus.regexp.rc: [AG]TGACC[CT]C
XX
//
AC  AL844527.7_AL662824.5_CR759733.4_CR354565.3_CR936877.3_M1353_0.90_1
XX
ID  AL844527.7_AL662824.5_CR759733.4_CR354565.3_CR936877.3_M1353_0.90_1
XX
DE  wrrGGTcAhr
PO       A     C     G     T
1    32.5203 22.9167 17.67 26.893
2    30.2762 11.9456 48.9286 8.84952
3    44.7338 0.0344147 55.1871 0.0446335
4    4.18048 0.0160897 95.6243 0.179143
5    2.35816 0.0259361 76.5452 21.0707
6    4.86148 0.0240251 8.51085 86.6036
7    8.11156 68.2577 9.7113 13.9195
8    81.4947 0.0278907 16.9546 1.52278
9    27.0941 31.4788 14.8695 26.5576
10   25.1452 22.3018 31.9658 20.5872
XX
CC  program: cis-bp
CC  matrix.nb: 1
CC  accession: AL844527.7_AL662824.5_CR759733.4_CR354565.3_CR936877.3_M1353_0.90_1
CC  AC: AL844527.7_AL662824.5_CR759733.4_CR354565.3_CR936877.3_M1353_0.90_1
CC  id: AL844527.7_AL662824.5_CR759733.4_CR354565.3_CR936877.3_M1353_0.90_1
CC  name: AL844527.7_AL662824.5_CR759733.4_CR354565.3_CR936877.3_M1353_0.90_1
CC  version: 
CC  matrix.nb: 1
CC  consensus.strict: aggGGTcAcg
CC  consensus.strict.rc: CGTGACCCCT
CC  consensus.IUPAC: wrrGGTcAhr
CC  consensus.IUPAC.rc: YDTGACCYYW
CC  consensus.regexp: [at][ag][ag]GGTcA[act][ag]
CC  consensus.regexp.rc: [CT][AGT]TGACC[CT][CT][AT]
XX
//
AC  AL844527.7_AL662824.5_CR759733.4_CR354565.3_CR936877.3_M1367_0.90_1
XX
ID  AL844527.7_AL662824.5_CR759733.4_CR354565.3_CR936877.3_M1367_0.90_1
XX
DE  rrGGTCAc
PO       A     C     G     T
1    30.9048 18.1868 41.806 9.10247
2    43.8932 0.0121892 56.0824 0.0121892
3    0.00980008 0.00980008 99.9706     0
4    0.00980008 0.00980008 97.0306 2.94982
5    0.00980008 0.00980008 0.00980008 99.9706
6    0.00980008 98.9906 0.00980008 0.989808
7    96.0115 0.00989707 3.96873     0
8    24.3247 39.1815 12.1691 24.3247
XX
CC  program: cis-bp
CC  matrix.nb: 1
CC  accession: AL844527.7_AL662824.5_CR759733.4_CR354565.3_CR936877.3_M1367_0.90_1
CC  AC: AL844527.7_AL662824.5_CR759733.4_CR354565.3_CR936877.3_M1367_0.90_1
CC  id: AL844527.7_AL662824.5_CR759733.4_CR354565.3_CR936877.3_M1367_0.90_1
CC  name: AL844527.7_AL662824.5_CR759733.4_CR354565.3_CR936877.3_M1367_0.90_1
CC  version: 
CC  matrix.nb: 1
CC  consensus.strict: ggGGTCAc
CC  consensus.strict.rc: GTGACCCC
CC  consensus.IUPAC: rrGGTCAc
CC  consensus.IUPAC.rc: GTGACCYY
CC  consensus.regexp: [ag][ag]GGTCAc
CC  consensus.regexp.rc: GTGACC[CT][CT]
XX
//
AC  AL844527.7_AL662824.5_CR759733.4_CR354565.3_CR936877.3_M1738_0.90_1
XX
ID  AL844527.7_AL662824.5_CR759733.4_CR354565.3_CR936877.3_M1738_0.90_1
XX
DE  GGGGTCAcgs
PO       A     C     G     T
1        0 2.63158 97.3684     0
2    2.63158     0 94.7368 2.63158
3        0     0   100     0
4        0     0   100     0
5        0     0     0   100
6        0 94.7368 2.63158 2.63158
7    92.1053     0 7.89474     0
8    13.1579 65.7895 7.89474 13.1579
9    13.1579 21.0526 57.8947 7.89474
10   15.7895 26.3158 42.1053 15.7895
XX
CC  program: cis-bp
CC  matrix.nb: 1
CC  accession: AL844527.7_AL662824.5_CR759733.4_CR354565.3_CR936877.3_M1738_0.90_1
CC  AC: AL844527.7_AL662824.5_CR759733.4_CR354565.3_CR936877.3_M1738_0.90_1
CC  id: AL844527.7_AL662824.5_CR759733.4_CR354565.3_CR936877.3_M1738_0.90_1
CC  name: AL844527.7_AL662824.5_CR759733.4_CR354565.3_CR936877.3_M1738_0.90_1
CC  version: 
CC  matrix.nb: 1
CC  consensus.strict: GGGGTCAcgg
CC  consensus.strict.rc: CCGTGACCCC
CC  consensus.IUPAC: GGGGTCAcgs
CC  consensus.IUPAC.rc: SCGTGACCCC
CC  consensus.regexp: GGGGTCAcg[cg]
CC  consensus.regexp.rc: [CG]CGTGACCCC
XX
//
AC  AL844527.7_AL662824.5_CR759733.4_CR354565.3_CR936877.3_M2171_0.90_1
XX
ID  AL844527.7_AL662824.5_CR759733.4_CR354565.3_CR936877.3_M2171_0.90_1
XX
DE  GrGGTCAys
PO       A     C     G     T
1       15     4    80     1
2       25     6    66     3
3        1     3    93     3
4        2     4    90     4
5        1     0     7    92
6        0    84    10     6
7       80     5    14     1
8       11    47    11    31
9       12    29    49    10
XX
CC  program: cis-bp
CC  matrix.nb: 1
CC  accession: AL844527.7_AL662824.5_CR759733.4_CR354565.3_CR936877.3_M2171_0.90_1
CC  AC: AL844527.7_AL662824.5_CR759733.4_CR354565.3_CR936877.3_M2171_0.90_1
CC  id: AL844527.7_AL662824.5_CR759733.4_CR354565.3_CR936877.3_M2171_0.90_1
CC  name: AL844527.7_AL662824.5_CR759733.4_CR354565.3_CR936877.3_M2171_0.90_1
CC  version: 
CC  matrix.nb: 1
CC  consensus.strict: GgGGTCAcg
CC  consensus.strict.rc: CGTGACCCC
CC  consensus.IUPAC: GrGGTCAys
CC  consensus.IUPAC.rc: SRTGACCYC
CC  consensus.regexp: G[ag]GGTCA[ct][cg]
CC  consensus.regexp.rc: [CG][AG]TGACC[CT]C
XX
//
AC  AL844527.7_AL662824.5_CR759733.4_CR354565.3_CR936877.3_M2172_0.90_1
XX
ID  AL844527.7_AL662824.5_CR759733.4_CR354565.3_CR936877.3_M2172_0.90_1
XX
DE  GGGGTCAcs
PO       A     C     G     T
1    2.63158 2.63158 94.7368     0
2    5.26316     0 94.7368     0
3        0     0   100     0
4        0     0   100     0
5        0     0     0   100
6        0 94.7368 2.63158 2.63158
7    94.7368     0 5.26316     0
8    10.5263 65.7895 7.89474 15.7895
9    13.1579 26.3158 52.6316 7.89474
XX
CC  program: cis-bp
CC  matrix.nb: 1
CC  accession: AL844527.7_AL662824.5_CR759733.4_CR354565.3_CR936877.3_M2172_0.90_1
CC  AC: AL844527.7_AL662824.5_CR759733.4_CR354565.3_CR936877.3_M2172_0.90_1
CC  id: AL844527.7_AL662824.5_CR759733.4_CR354565.3_CR936877.3_M2172_0.90_1
CC  name: AL844527.7_AL662824.5_CR759733.4_CR354565.3_CR936877.3_M2172_0.90_1
CC  version: 
CC  matrix.nb: 1
CC  consensus.strict: GGGGTCAcg
CC  consensus.strict.rc: CGTGACCCC
CC  consensus.IUPAC: GGGGTCAcs
CC  consensus.IUPAC.rc: SGTGACCCC
CC  consensus.regexp: GGGGTCAc[cg]
CC  consensus.regexp.rc: [CG]GTGACCCC
XX
//
AC  AL844527.7_AL662824.5_CR759733.4_CR354565.3_CR936877.3_M4408_0.90_1
XX
ID  AL844527.7_AL662824.5_CR759733.4_CR354565.3_CR936877.3_M4408_0.90_1
XX
DE  mrRGGTCAm
PO       A     C     G     T
1    52.381 28.5714     0 19.0476
2    42.8571     0 57.1429     0
3    71.4286     0 28.5714     0
4        0     0   100     0
5        0     0   100     0
6        0     0     0   100
7        0   100     0     0
8      100     0     0     0
9    42.8571 33.3333 4.7619 19.0476
XX
CC  program: cis-bp
CC  matrix.nb: 1
CC  accession: AL844527.7_AL662824.5_CR759733.4_CR354565.3_CR936877.3_M4408_0.90_1
CC  AC: AL844527.7_AL662824.5_CR759733.4_CR354565.3_CR936877.3_M4408_0.90_1
CC  id: AL844527.7_AL662824.5_CR759733.4_CR354565.3_CR936877.3_M4408_0.90_1
CC  name: AL844527.7_AL662824.5_CR759733.4_CR354565.3_CR936877.3_M4408_0.90_1
CC  version: 
CC  matrix.nb: 1
CC  consensus.strict: agAGGTCAa
CC  consensus.strict.rc: TTGACCTCT
CC  consensus.IUPAC: mrRGGTCAm
CC  consensus.IUPAC.rc: KTGACCYYK
CC  consensus.regexp: [ac][ag][AG]GGTCA[ac]
CC  consensus.regexp.rc: [GT]TGACC[CT][CT][GT]
XX
//
AC  ALX1_M2484_0.90_1
XX
ID  ALX1_M2484_0.90_1
XX
DE  mvcTAATtmmhATTAkyd
PO       A     C     G     T
1    41.6667 33.3333  12.5  12.5
2    33.3333 33.3333 29.1667 4.16667
3       24    44    12    20
4        0     0     0   100
5       88     0     4     8
6      100     0     0     0
7        0     4     0    96
8        0     8    24    68
9       40    28    16    16
10      28    32    20    20
11      25    50     0    25
12      88     4     8     0
13       0     4     0    96
14       8     4     0    88
15      80     4    12     4
16   8.33333    25 29.1667  37.5
17   8.69565 52.1739 13.0435 26.087
18      25    15    30    30
XX
CC  program: cis-bp
CC  matrix.nb: 1
CC  accession: ALX1_M2484_0.90_1
CC  AC: ALX1_M2484_0.90_1
CC  id: ALX1_M2484_0.90_1
CC  name: ALX1_M2484_0.90_1
CC  version: 
CC  matrix.nb: 1
CC  consensus.strict: aacTAATtaccATTAtcg
CC  consensus.strict.rc: CGATAATGGTAATTAGTT
CC  consensus.IUPAC: mvcTAATtmmhATTAkyd
CC  consensus.IUPAC.rc: HRMTAATDKKAATTAGBK
CC  consensus.regexp: [ac][acg]cTAATt[ac][ac][act]ATTA[gt][ct][agt]
CC  consensus.regexp.rc: [ACT][AG][AC]TAAT[AGT][GT][GT]AATTAG[CGT][GT]
XX
//
AC  ARID2_RFX7_RFX6_RFX8_M1427_0.90_1
XX
ID  ARID2_RFX7_RFX6_RFX8_M1427_0.90_1
XX
DE  tsGTTGCyAb
PO       A     C     G     T
1    22.8304 22.8304 22.8304 31.5088
2    11.995 35.3086 40.7015 11.995
3    0.0129951 0.0129951 99.961 0.0129951
4    0.0129951 0.0129951 0.0129951 99.961
5    0.0129951 0.0129951 0.0129951 99.961
6    8.69142 0.0129951 91.2826 0.0129951
7    0.0129951 99.961 0.0129951 0.0129951
8    0.0129951 43.7251 0.0129951 56.2489
9    93.4522 2.1826 2.1826 2.1826
10   13.018 30.4898 26.1306 30.3616
XX
CC  program: cis-bp
CC  matrix.nb: 1
CC  accession: ARID2_RFX7_RFX6_RFX8_M1427_0.90_1
CC  AC: ARID2_RFX7_RFX6_RFX8_M1427_0.90_1
CC  id: ARID2_RFX7_RFX6_RFX8_M1427_0.90_1
CC  name: ARID2_RFX7_RFX6_RFX8_M1427_0.90_1
CC  version: 
CC  matrix.nb: 1
CC  consensus.strict: tgGTTGCtAc
CC  consensus.strict.rc: GTAGCAACCA
CC  consensus.IUPAC: tsGTTGCyAb
CC  consensus.IUPAC.rc: VTRGCAACSA
CC  consensus.regexp: t[cg]GTTGC[ct]A[cgt]
CC  consensus.regexp.rc: [ACG]T[AG]GCAAC[CG]A
XX
//
AC  ARID2_RFX7_RFX6_RFX8_M3538_0.90_1
XX
ID  ARID2_RFX7_RFX6_RFX8_M3538_0.90_1
XX
DE  gGTtgCCaTGgcaACG
PO       A     C     G     T
1      8.8   6.6  63.7  20.9
2      6.2   6.4  85.1   2.3
3        3  11.3   5.2  80.5
4     23.9   4.8   6.2  65.1
5    20.02 12.7127 62.4625 4.8048
6    0.700701 75.2753 1.2012 22.8228
7      3.8  70.2   5.4  20.6
8     64.6   5.5  20.7   9.2
9      2.7    19     6  72.3
10    22.3   2.9  71.8     3
11    21.5  19.9  53.5   5.1
12     8.4    66   2.2  23.4
13   61.6617 10.9109 24.024 3.4034
14    87.1   1.3  10.2   1.4
15     8.3  74.9  10.9   5.9
16     7.8  18.1  69.4   4.7
XX
CC  program: cis-bp
CC  matrix.nb: 1
CC  accession: ARID2_RFX7_RFX6_RFX8_M3538_0.90_1
CC  AC: ARID2_RFX7_RFX6_RFX8_M3538_0.90_1
CC  id: ARID2_RFX7_RFX6_RFX8_M3538_0.90_1
CC  name: ARID2_RFX7_RFX6_RFX8_M3538_0.90_1
CC  version: 
CC  matrix.nb: 1
CC  consensus.strict: gGTtgCCaTGgcaACG
CC  consensus.strict.rc: CGTTGCCATGGCAACC
CC  consensus.IUPAC: gGTtgCCaTGgcaACG
CC  consensus.IUPAC.rc: CGTTGCCATGGCAACC
CC  consensus.regexp: gGTtgCCaTGgcaACG
CC  consensus.regexp.rc: CGTTGCCATGGCAACC
XX
//
AC  ARID2_RFX7_RFX6_RFX8_M3539_0.90_1
XX
ID  ARID2_RFX7_RFX6_RFX8_M3539_0.90_1
XX
DE  sGTTRCyA
PO       A     C     G     T
1    11.5385 26.9231 42.3077 19.2308
2        0     0   100     0
3        0     0     0   100
4        0     0     0   100
5    30.7692     0 69.2308     0
6        0   100     0     0
7    1.92308 48.0769 1.92308 48.0769
8    88.4615 3.84615 3.84615 3.84615
XX
CC  program: cis-bp
CC  matrix.nb: 1
CC  accession: ARID2_RFX7_RFX6_RFX8_M3539_0.90_1
CC  AC: ARID2_RFX7_RFX6_RFX8_M3539_0.90_1
CC  id: ARID2_RFX7_RFX6_RFX8_M3539_0.90_1
CC  name: ARID2_RFX7_RFX6_RFX8_M3539_0.90_1
CC  version: 
CC  matrix.nb: 1
CC  consensus.strict: gGTTGCcA
CC  consensus.strict.rc: TGGCAACC
CC  consensus.IUPAC: sGTTRCyA
CC  consensus.IUPAC.rc: TRGYAACS
CC  consensus.regexp: [cg]GTT[AG]C[ct]A
CC  consensus.regexp.rc: T[AG]G[CT]AAC[CG]
XX
//
AC  ARID3B_ARID3C_M0104_0.90_1
XX
ID  ARID3B_ARID3C_M0104_0.90_1
XX
DE  wttTdATwa
PO       A     C     G     T
1    28.0526 18.4318 22.5127 31.0029
2    22.6709 17.6561 10.709 48.9639
3    13.9203 12.2233 10.2098 63.6466
4    11.5272 10.2237 5.6673 72.5817
5    37.7683 4.91097 31.2329 26.0879
6    96.7814 1.01253 1.06445 1.14163
7    0.0385606 0.0207435 0.0100969 99.9306
8    29.4769 22.2782 11.5145 36.7305
9    29.6025 22.5979 22.825 24.9746
XX
CC  program: cis-bp
CC  matrix.nb: 1
CC  accession: ARID3B_ARID3C_M0104_0.90_1
CC  AC: ARID3B_ARID3C_M0104_0.90_1
CC  id: ARID3B_ARID3C_M0104_0.90_1
CC  name: ARID3B_ARID3C_M0104_0.90_1
CC  version: 
CC  matrix.nb: 1
CC  consensus.strict: tttTaATta
CC  consensus.strict.rc: TAATTAAAA
CC  consensus.IUPAC: wttTdATwa
CC  consensus.IUPAC.rc: TWATHAAAW
CC  consensus.regexp: [at]ttT[agt]AT[at]a
CC  consensus.regexp.rc: T[AT]AT[ACT]AAA[AT]
XX
//
AC  ARID3B_ARID3C_M0105_0.90_1
XX
ID  ARID3B_ARID3C_M0105_0.90_1
XX
DE  awaTTAATwaa
PO       A     C     G     T
1    46.7943 17.7352 17.7352 17.7352
2    27.3411 8.00673 8.00673 56.6454
3    60.9177 11.9174 3.37487 23.7901
4    10.4443 0.0140595 0.0140595 89.5276
5    0.0140595 0.0140595 0.0140595 99.9578
6    99.9578 0.0140595 0.0140595 0.0140595
7    91.0941 0.0140595 0.0140595 8.87778
8    8.87778 0.0140595 0.0140595 91.0941
9    26.1793 16.7866 7.27882 49.7552
10   48.978 17.0073 17.0073 17.0073
11   35.0824 21.6392 21.6392 21.6392
XX
CC  program: cis-bp
CC  matrix.nb: 1
CC  accession: ARID3B_ARID3C_M0105_0.90_1
CC  AC: ARID3B_ARID3C_M0105_0.90_1
CC  id: ARID3B_ARID3C_M0105_0.90_1
CC  name: ARID3B_ARID3C_M0105_0.90_1
CC  version: 
CC  matrix.nb: 1
CC  consensus.strict: ataTTAATtaa
CC  consensus.strict.rc: TTAATTAATAT
CC  consensus.IUPAC: awaTTAATwaa
CC  consensus.IUPAC.rc: TTWATTAATWT
CC  consensus.regexp: a[at]aTTAAT[at]aa
CC  consensus.regexp.rc: TT[AT]ATTAAT[AT]T
XX
//
AC  ARID3B_ARID3C_M0106_0.90_1
XX
ID  ARID3B_ARID3C_M0106_0.90_1
XX
DE  ywATyAaaw
PO       A     C     G     T
1    24.6578 26.7115 23.2219 25.4088
2    37.8326 8.9636 24.6105 28.5933
3    93.2211 2.00366 2.44727 2.32792
4    10.9459 5.71426 9.42122 73.9186
5    19.8441 33.3784 11.3351 35.4424
6    70.8755 5.64588 13.8866 9.59196
7    60.7308 10.0387 14.1039 15.1265
8    51.9306 10.8039 18.7259 18.5396
9    34.7377 20.2433 18.501 26.518
XX
CC  program: cis-bp
CC  matrix.nb: 1
CC  accession: ARID3B_ARID3C_M0106_0.90_1
CC  AC: ARID3B_ARID3C_M0106_0.90_1
CC  id: ARID3B_ARID3C_M0106_0.90_1
CC  name: ARID3B_ARID3C_M0106_0.90_1
CC  version: 
CC  matrix.nb: 1
CC  consensus.strict: caATtAaaa
CC  consensus.strict.rc: TTTTAATTG
CC  consensus.IUPAC: ywATyAaaw
CC  consensus.IUPAC.rc: WTTTRATWR
CC  consensus.regexp: [ct][at]AT[ct]Aaa[at]
CC  consensus.regexp.rc: [AT]TTT[AG]AT[AT][AG]
XX
//
AC  ARID3B_ARID3C_M0107_0.90_1
XX
ID  ARID3B_ARID3C_M0107_0.90_1
XX
DE  wtTTrATww
PO       A     C     G     T
1    28.7207 13.703 21.0651 36.5112
2    21.9872 14.5918 7.69416 55.7268
3    11.8816 7.65217 7.13484 73.3314
4    7.06817 8.21204 6.02309 78.6967
5    40.8983 3.93964 30.6027 24.5593
6    96.4659 1.23268 1.32206 0.979404
7    0.082565 1.74339 0.0894416 98.0846
8    32.2598 23.8987 9.24259 34.5989
9    30.0945 22.9735 19.9722 26.9597
XX
CC  program: cis-bp
CC  matrix.nb: 1
CC  accession: ARID3B_ARID3C_M0107_0.90_1
CC  AC: ARID3B_ARID3C_M0107_0.90_1
CC  id: ARID3B_ARID3C_M0107_0.90_1
CC  name: ARID3B_ARID3C_M0107_0.90_1
CC  version: 
CC  matrix.nb: 1
CC  consensus.strict: ttTTaATta
CC  consensus.strict.rc: TAATTAAAA
CC  consensus.IUPAC: wtTTrATww
CC  consensus.IUPAC.rc: WWATYAAAW
CC  consensus.regexp: [at]tTT[ag]AT[at][at]
CC  consensus.regexp.rc: [AT][AT]AT[CT]AAA[AT]
XX
//
AC  ARID3B_ARID3C_M0110_0.90_1
XX
ID  ARID3B_ARID3C_M0110_0.90_1
XX
DE  wtttrATwm
PO       A     C     G     T
1    25.2147 20.8515 23.7463 30.1875
2    22.4942 23.8851 14.6327 38.9881
3    17.209 17.7331 16.3697 48.6881
4    16.0789 16.2405 10.9957 56.6849
5    33.1941 11.0494 31.8925 23.864
6    77.9062 7.35592 10.9737 3.76409
7    3.22647 10.6057 2.11994 84.0479
8    28.3413 23.6726 15.7103 32.2758
9    26.004 25.7453 24.0047 24.246
XX
CC  program: cis-bp
CC  matrix.nb: 1
CC  accession: ARID3B_ARID3C_M0110_0.90_1
CC  AC: ARID3B_ARID3C_M0110_0.90_1
CC  id: ARID3B_ARID3C_M0110_0.90_1
CC  name: ARID3B_ARID3C_M0110_0.90_1
CC  version: 
CC  matrix.nb: 1
CC  consensus.strict: ttttaATta
CC  consensus.strict.rc: TAATTAAAA
CC  consensus.IUPAC: wtttrATwm
CC  consensus.IUPAC.rc: KWATYAAAW
CC  consensus.regexp: [at]ttt[ag]AT[at][ac]
CC  consensus.regexp.rc: [GT][AT]AT[CT]AAA[AT]
XX
//
AC  ARID3B_ARID3C_M0112_0.90_1
XX
ID  ARID3B_ARID3C_M0112_0.90_1
XX
DE  tttrATwr
PO       A     C     G     T
1    22.8748 22.1987 14.8803 40.0462
2    18.2465 17.0129 14.6431 50.0975
3    13.8322 18.8592 7.14919 60.1595
4    33.6065 6.0178 42.2972 18.0785
5    97.3889 0.0879235 2.20056 0.322618
6    4.51944 0.0360946 0.0149714 95.4295
7    27.8506 24.4555 11.2105 36.4833
8    30.042 20.3401 26.9126 22.7052
XX
CC  program: cis-bp
CC  matrix.nb: 1
CC  accession: ARID3B_ARID3C_M0112_0.90_1
CC  AC: ARID3B_ARID3C_M0112_0.90_1
CC  id: ARID3B_ARID3C_M0112_0.90_1
CC  name: ARID3B_ARID3C_M0112_0.90_1
CC  version: 
CC  matrix.nb: 1
CC  consensus.strict: tttgATta
CC  consensus.strict.rc: TAATCAAA
CC  consensus.IUPAC: tttrATwr
CC  consensus.IUPAC.rc: YWATYAAA
CC  consensus.regexp: ttt[ag]AT[at][ag]
CC  consensus.regexp.rc: [CT][AT]AT[CT]AAA
XX
//
AC  ARID3B_ARID3C_M0115_0.90_1
XX
ID  ARID3B_ARID3C_M0115_0.90_1
XX
DE  yrATyaaa
PO       A     C     G     T
1    24.5252 27.1045 21.5355 26.8348
2    30.832 19.6593 25.4968 24.012
3    94.1882 0.0248548 0.0593262 5.72759
4    5.17629 3.50464 0.0248248 91.2942
5    19.1668 30.9749 8.87446 40.9838
6    56.2171 10.0666 16.2683 17.4479
7    50.2612 15.9145 17.5883 16.236
8    41.6728 14.8775 23.567 19.8827
XX
CC  program: cis-bp
CC  matrix.nb: 1
CC  accession: ARID3B_ARID3C_M0115_0.90_1
CC  AC: ARID3B_ARID3C_M0115_0.90_1
CC  id: ARID3B_ARID3C_M0115_0.90_1
CC  name: ARID3B_ARID3C_M0115_0.90_1
CC  version: 
CC  matrix.nb: 1
CC  consensus.strict: caATtaaa
CC  consensus.strict.rc: TTTAATTG
CC  consensus.IUPAC: yrATyaaa
CC  consensus.IUPAC.rc: TTTRATYR
CC  consensus.regexp: [ct][ag]AT[ct]aaa
CC  consensus.regexp.rc: TTT[AG]AT[CT][AG]
XX
//
AC  ARID3B_ARID3C_M1863_0.90_1
XX
ID  ARID3B_ARID3C_M1863_0.90_1
XX
DE  TTTrAT
PO       A     C     G     T
1    22.2222 3.7037     0 74.0741
2        0     0     0   100
3        0     0     0   100
4    62.963     0 33.3333 3.7037
5      100     0     0     0
6        0     0     0   100
XX
CC  program: cis-bp
CC  matrix.nb: 1
CC  accession: ARID3B_ARID3C_M1863_0.90_1
CC  AC: ARID3B_ARID3C_M1863_0.90_1
CC  id: ARID3B_ARID3C_M1863_0.90_1
CC  name: ARID3B_ARID3C_M1863_0.90_1
CC  version: 
CC  matrix.nb: 1
CC  consensus.strict: TTTaAT
CC  consensus.strict.rc: ATTAAA
CC  consensus.IUPAC: TTTrAT
CC  consensus.IUPAC.rc: ATYAAA
CC  consensus.regexp: TTT[ag]AT
CC  consensus.regexp.rc: AT[CT]AAA
XX
//
AC  ARID3B_ARID3C_M2183_0.90_1
XX
ID  ARID3B_ARID3C_M2183_0.90_1
XX
DE  tyrATTAatm
PO       A     C     G     T
1    21.4286 16.6667 16.6667 45.2381
2    21.4286 35.7143 16.6667 26.1905
3       50     0    50     0
4      100     0     0     0
5    2.38095     0     0 97.619
6    2.38095     0     0 97.619
7    88.0952     0 11.9048     0
8    66.6667 11.9048 14.2857 7.14286
9    21.4286 11.9048 14.2857 52.381
10   28.5714 26.1905 23.8095 21.4286
XX
CC  program: cis-bp
CC  matrix.nb: 1
CC  accession: ARID3B_ARID3C_M2183_0.90_1
CC  AC: ARID3B_ARID3C_M2183_0.90_1
CC  id: ARID3B_ARID3C_M2183_0.90_1
CC  name: ARID3B_ARID3C_M2183_0.90_1
CC  version: 
CC  matrix.nb: 1
CC  consensus.strict: tcaATTAata
CC  consensus.strict.rc: TATTAATTGA
CC  consensus.IUPAC: tyrATTAatm
CC  consensus.IUPAC.rc: KATTAATYRA
CC  consensus.regexp: t[ct][ag]ATTAat[ac]
CC  consensus.regexp.rc: [GT]ATTAAT[CT][AG]A
XX
//
AC  ARID3B_ARID3C_M4310_0.90_1
XX
ID  ARID3B_ARID3C_M4310_0.90_1
XX
DE  AATyAAAm
PO       A     C     G     T
1    80.9524     0 4.7619 14.2857
2      100     0     0     0
3        0     0     0   100
4    4.7619 61.9048     0 33.3333
5    95.2381     0 4.7619     0
6    85.7143 9.52381 4.7619     0
7    90.4762 9.52381     0     0
8       45    40     5    10
XX
CC  program: cis-bp
CC  matrix.nb: 1
CC  accession: ARID3B_ARID3C_M4310_0.90_1
CC  AC: ARID3B_ARID3C_M4310_0.90_1
CC  id: ARID3B_ARID3C_M4310_0.90_1
CC  name: ARID3B_ARID3C_M4310_0.90_1
CC  version: 
CC  matrix.nb: 1
CC  consensus.strict: AATcAAAa
CC  consensus.strict.rc: TTTTGATT
CC  consensus.IUPAC: AATyAAAm
CC  consensus.IUPAC.rc: KTTTRATT
CC  consensus.regexp: AAT[ct]AAA[ac]
CC  consensus.regexp.rc: [GT]TTT[AG]ATT
XX
//
AC  ARID3B_M0101_0.90_1
XX
ID  ARID3B_M0101_0.90_1
XX
DE  ydATyAaaw
PO       A     C     G     T
1    19.6725 27.0916 20.4754 32.7605
2    40.3679 8.15014 25.9984 25.4836
3    99.9299 0.00950887 0.0187693 0.0417719
4    0.0504388 0.124059 0.0417108 99.7838
5    16.5827 37.6511 3.31468 42.4515
6    73.2498 5.33279 11.9876 9.4298
7    66.103 9.31116 11.3727 13.2132
8    51.0165 9.89618 17.4991 21.5882
9    33.5782 22.7343 14.496 29.1915
XX
CC  program: cis-bp
CC  matrix.nb: 1
CC  accession: ARID3B_M0101_0.90_1
CC  AC: ARID3B_M0101_0.90_1
