AC  aha-1
XX
ID  aha-1
XX
DE  artcacgtgmwt
P0       A     C     G     T
1    30.6611 23.113 23.113 23.113
2    34.1743 18.1842 29.4572 18.1842
3    7.90558 7.90558 20.8948 63.294
4    9.53021 79.3287 1.98202 9.15908
5    99.9459 0.018045 0.018045 0.018045
6    15.4221 77.3647 0.018045 7.19511
7    0.018045 0.018045 85.2206 14.7433
8    0.018045 0.018045 0.018045 99.9459
9    9.76098 1.90509 86.4288 1.90509
10   26.5173 59.8151 6.8338 6.8338
11   31.6182 17.1125 17.1125 34.1568
12   23.036 23.036 23.036 30.8919
XX
CC  residue_type: 
CC  program: transfac
CC  matrix.nb: 21
CC  accession: aha-1
CC  AC: aha-1
CC  id: aha-1
CC  name: aha-1
CC  version: 
CC  name: aha-1
CC  description: artcacgtgmwt
CC  transfac_consensus: 
CC  matrix.nb: 21
XX
//
AC  aha-1
XX
ID  aha-1
XX
DE  atkcayrtgm
P0       A     C     G     T
1    44.1686 23.5875 16.122 16.122
2    19.1879 18.7982 22.5189 39.495
3    0.0211099 0.0211099 26.5877 73.3701
4    14.1244 70.8098 0.0211099 15.0448
5    92.9873 0.0211099 6.97052 0.0211099
6    0.0211099 49.6749 0.0211099 50.2828
7    36.2577 0.0211099 56.6244 7.09686
8    0.0211099 0.0211099 7.09686 92.8609
9    15.7008 8.89914 66.5009 8.89914
10   33.0549 40.3477 13.2987 13.2987
XX
CC  residue_type: 
CC  program: transfac
CC  matrix.nb: 22
CC  accession: aha-1
CC  AC: aha-1
CC  id: aha-1
CC  name: aha-1
CC  version: 
CC  name: aha-1
CC  description: atkcayrtgm
CC  transfac_consensus: 
CC  matrix.nb: 22
XX
//
AC  aha-1
XX
ID  aha-1
XX
DE  dgtcacgtgh
P0       A     C     G     T
1    25.0929 22.9332 26.1169 25.8571
2    24.5912 12.4583 55.8342 7.1163
3    6.16879 4.39076 14.2892 75.1513
4    0.273163 99.7148 0.00366955     0
5    95.3025 1.61132 1.0172 2.06898
6    0.193897 96.5026 0.94136 2.36214
7    4.80585 0.267091 94.6167 0.310316
8    5.40227 5.79398 5.1388 83.6649
9    0.943181 0.411273 93.8317 4.81388
10   25.514 33.0899 14.5739 26.8222
XX
CC  residue_type: 
CC  program: transfac
CC  matrix.nb: 33
CC  accession: aha-1
CC  AC: aha-1
CC  id: aha-1
CC  name: aha-1
CC  version: 
CC  name: aha-1
CC  description: dgtcacgtgh
CC  transfac_consensus: 
CC  matrix.nb: 33
XX
//
AC  aha-1
XX
ID  aha-1
XX
DE  gddrtcacgtgcyckc
P0       A     C     G     T
1    24.7525 12.8713 49.505 12.8713
2       30     0    30    40
3       33     0    25    42
4       33     8    42    17
5    16.8317 16.8317 24.7525 41.5842
6       20    80     0     0
7       95     0     5     0
8        0   100     0     0
9        0     0   100     0
10       0     0     0   100
11       0     0   100     0
12   23.7624 34.6535 23.7624 17.8218
13      14    36    14    36
14   16.8317 41.5842 24.7525 16.8317
15      10    20    40    30
16   12.8713 37.6238 24.7525 24.7525
XX
CC  residue_type: 
CC  program: transfac
CC  matrix.nb: 665
CC  accession: aha-1
CC  AC: aha-1
CC  id: aha-1
CC  name: aha-1
CC  version: 
CC  name: aha-1
CC  description: gddrtcacgtgcyckc
CC  transfac_consensus: 
CC  matrix.nb: 665
XX
//
AC  aha-1
XX
ID  aha-1
XX
DE  svrmgrtcacgtgayckybs
P0       A     C     G     T
1    16.6667 38.0952 33.3333 11.9048
2    33.3333 30.9524 28.5714 7.14286
3    33.3333 19.0476 26.1905 21.4286
4    33.3333 28.5714 19.0476 19.0476
5    23.8095 16.6667 35.7143 23.8095
6    35.7143 11.9048 45.2381 7.14286
7    14.2857     0 19.0476 66.6667
8        0   100     0     0
9      100     0     0     0
10       0   100     0     0
11       0     0   100     0
12       0     0     0   100
13       0     0   100     0
14   66.6667 19.0476     0 14.2857
15   7.14286 45.2381 11.9048 35.7143
16   23.8095 35.7143 16.6667 23.8095
17   19.0476 19.0476 28.5714 33.3333
18   21.4286 26.1905 19.0476 33.3333
19   7.14286 28.5714 30.9524 33.3333
20   11.9048 33.3333 38.0952 16.6667
XX
CC  residue_type: 
CC  program: transfac
CC  matrix.nb: 666
CC  accession: aha-1
CC  AC: aha-1
CC  id: aha-1
CC  name: aha-1
CC  version: 
CC  name: aha-1
CC  description: svrmgrtcacgtgayckybs
CC  transfac_consensus: 
CC  matrix.nb: 666
XX
//
AC  aha-1
XX
ID  aha-1
XX
DE  mcacgtgr
P0       A     C     G     T
1       50    50     0     0
2        0   100     0     0
3       90     0     0    10
4        0   100     0     0
5        0     0   100     0
6        0     0     0   100
7        0     0   100     0
8       55    15    25     5
XX
CC  residue_type: 
CC  program: transfac
CC  matrix.nb: 884
CC  accession: aha-1
CC  AC: aha-1
CC  id: aha-1
CC  name: aha-1
CC  version: 
CC  name: aha-1
CC  description: mcacgtgr
CC  transfac_consensus: 
CC  matrix.nb: 884
XX
//
AC  aha-1
XX
ID  aha-1
XX
DE  radtcgtgayt
P0       A     C     G     T
1    52.1739 8.69565 30.4348 8.69565
2    60.8696     0 21.7391 17.3913
3    39.1304     0 34.7826 26.087
4        0     0     0   100
5        0   100     0     0
6        0     0   100     0
7        0     0     0   100
8        0     0   100     0
9    91.3043 4.34783 4.34783     0
10       0 69.5652 4.34783 26.087
11   13.0435 17.3913 4.34783 65.2174
XX
CC  residue_type: 
CC  program: transfac
CC  matrix.nb: 895
CC  accession: aha-1
CC  AC: aha-1
CC  id: aha-1
CC  name: aha-1
CC  version: 
CC  name: aha-1
CC  description: radtcgtgayt
CC  transfac_consensus: 
CC  matrix.nb: 895
XX
//
AC  aha-1
XX
ID  aha-1
XX
DE  gtcacgcaats
P0       A     C     G     T
1    23.0769     0 76.9231     0
2        0     0     0   100
3        0   100     0     0
4      100     0     0     0
5        0   100     0     0
6        0     0   100     0
7        0   100     0     0
8    76.9231     0 23.0769     0
9      100     0     0     0
10   15.3846 15.3846 7.69231 61.5385
11       0 38.4615 61.5385     0
XX
CC  residue_type: 
CC  program: transfac
CC  matrix.nb: 1014
CC  accession: aha-1
CC  AC: aha-1
CC  id: aha-1
CC  name: aha-1
CC  version: 
CC  name: aha-1
CC  description: gtcacgcaats
CC  transfac_consensus: 
CC  matrix.nb: 1014
XX
//
AC  aha-1
XX
ID  aha-1
XX
DE  gtcacgtgm
P0       A     C     G     T
1    5.26316 10.5263 84.2105     0
2        0     0 15.7895 84.2105
3        0   100     0     0
4      100     0     0     0
5        0   100     0     0
6        0     0   100     0
7        0     0     0   100
8        0     0   100     0
9    43.75 43.75  12.5     0
XX
CC  residue_type: 
CC  program: transfac
CC  matrix.nb: 1017
CC  accession: aha-1
CC  AC: aha-1
CC  id: aha-1
CC  name: aha-1
CC  version: 
CC  name: aha-1
CC  description: gtcacgtgm
CC  transfac_consensus: 
CC  matrix.nb: 1017
XX
//
AC  aha-1
XX
ID  aha-1
XX
DE  gtcacgtgm
P0       A     C     G     T
1    5.26316 10.5263 84.2105     0
2        0     0 15.7895 84.2105
3        0   100     0     0
4      100     0     0     0
5        0   100     0     0
6        0     0   100     0
7        0     0     0   100
8        0     0   100     0
9    43.75 43.75  12.5     0
XX
CC  residue_type: 
CC  program: transfac
CC  matrix.nb: 1018
CC  accession: aha-1
CC  AC: aha-1
CC  id: aha-1
CC  name: aha-1
CC  version: 
CC  name: aha-1
CC  description: gtcacgtgm
CC  transfac_consensus: 
CC  matrix.nb: 1018
XX
//
AC  aha-1
XX
ID  aha-1
XX
DE  gtcacgtac
P0       A     C     G     T
1        0 4.54545 95.4545     0
2        0     0 9.09091 90.9091
3        0   100     0     0
4      100     0     0     0
5        0   100     0     0
6        0     0   100     0
7        0 4.54545     0 95.4545
8    72.7273 13.6364 13.6364     0
9        0 66.6667 14.2857 19.0476
XX
CC  residue_type: 
CC  program: transfac
CC  matrix.nb: 1019
CC  accession: aha-1
CC  AC: aha-1
CC  id: aha-1
CC  name: aha-1
CC  version: 
CC  name: aha-1
CC  description: gtcacgtac
CC  transfac_consensus: 
CC  matrix.nb: 1019
XX
//
AC  aha-1
XX
ID  aha-1
XX
DE  ggtcacgtwc
P0       A     C     G     T
1    23.8095 14.2857 61.9048     0
2    14.2857 4.7619 80.9524     0
3        0     0 13.6364 86.3636
4        0   100     0     0
5      100     0     0     0
6        0   100     0     0
7        0     0   100     0
8        0     0     0   100
9    63.6364 9.09091     0 27.2727
10       0 59.0909 18.1818 22.7273
XX
CC  residue_type: 
CC  program: transfac
CC  matrix.nb: 1020
CC  accession: aha-1
CC  AC: aha-1
CC  id: aha-1
CC  name: aha-1
CC  version: 
CC  name: aha-1
CC  description: ggtcacgtwc
CC  transfac_consensus: 
CC  matrix.nb: 1020
XX
//
AC  aha-1
XX
ID  aha-1
XX
DE  gtcacgca
P0       A     C     G     T
1       20     0    80     0
2        0     0     0   100
3        0   100     0     0
4      100     0     0     0
5        0    90    10     0
6       10     0    90     0
7        0   100     0     0
8       90     0    10     0
XX
CC  residue_type: 
CC  program: transfac
CC  matrix.nb: 1021
CC  accession: aha-1
CC  AC: aha-1
CC  id: aha-1
CC  name: aha-1
CC  version: 
CC  name: aha-1
CC  description: gtcacgca
CC  transfac_consensus: 
CC  matrix.nb: 1021
XX
//
AC  aha-1
XX
ID  aha-1
XX
DE  gtcacgygy
P0       A     C     G     T
1        0     0   100     0
2        0     0  6.25 93.75
3        0 93.75  6.25     0
4      100     0     0     0
5        0   100     0     0
6        0  6.25 93.75     0
7        0    25     0    75
8        0     0   100     0
9        0 61.5385     0 38.4615
XX
CC  residue_type: 
CC  program: transfac
CC  matrix.nb: 1022
CC  accession: aha-1
CC  AC: aha-1
CC  id: aha-1
CC  name: aha-1
CC  version: 
CC  name: aha-1
CC  description: gtcacgygy
CC  transfac_consensus: 
CC  matrix.nb: 1022
XX
//
AC  aha-1
XX
ID  aha-1
XX
DE  ggtcacgtay
P0       A     C     G     T
1    23.8095 19.0476 52.381 4.7619
2    4.7619 14.2857 76.1905 4.7619
3        0     0 9.52381 90.4762
4        0   100     0     0
5      100     0     0     0
6    4.7619 95.2381     0     0
7        0     0   100     0
8        0     0     0   100
9    85.7143 9.52381 4.7619     0
10       0 42.8571 19.0476 38.0952
XX
CC  residue_type: 
CC  program: transfac
CC  matrix.nb: 1023
CC  accession: aha-1
CC  AC: aha-1
CC  id: aha-1
CC  name: aha-1
CC  version: 
CC  name: aha-1
CC  description: ggtcacgtay
CC  transfac_consensus: 
CC  matrix.nb: 1023
XX
//
AC  aha-1
XX
ID  aha-1
XX
DE  gtcacgtgac
P0       A     C     G     T
1    4.57393 1.00251 93.2331 1.19048
2    1.63121     0 6.73759 91.6312
3    0.421348 98.8764 0.140449 0.561798
4    98.1651     0 1.83486     0
5        0 98.7252 1.13314 0.141643
6        0     0 99.762 0.237954
7        0     0 0.23166 99.7683
8        0     0 99.6464 0.353565
9    95.992 2.00401 1.30261 0.701403
10   1.321 87.5826 2.64201 8.45443
XX
CC  residue_type: 
CC  program: transfac
CC  matrix.nb: 1044
CC  accession: aha-1
CC  AC: aha-1
CC  id: aha-1
CC  name: aha-1
CC  version: 
CC  name: aha-1
CC  description: gtcacgtgac
CC  transfac_consensus: 
CC  matrix.nb: 1044
XX
//
AC  aha-1
XX
ID  aha-1
XX
DE  gysysccacgsc
P0       A     C     G     T
1    8.28221 19.3252 58.589 13.8037
2    11.0429 49.6933     0 39.2638
3    11.0429 55.8282 33.1288     0
4    16.5644 27.6074     0 55.8282
5    11.0429 39.2638 33.1288 16.5644
6    6.13497 88.3436     0 5.52147
7        0 94.4785 5.52147     0
8    94.4785 5.52147     0     0
9        0 94.4785 5.52147     0
10   11.6564 22.0859 66.2577     0
11   22.0859 33.1288 28.2209 16.5644
12   13.8037 58.589 8.28221 19.3252
XX
CC  residue_type: 
CC  program: transfac
CC  matrix.nb: 1360
CC  accession: aha-1
CC  AC: aha-1
CC  id: aha-1
CC  name: aha-1
CC  version: 
CC  name: aha-1
CC  description: gysysccacgsc
CC  transfac_consensus: 
CC  matrix.nb: 1360
XX
//
AC  aha-1
XX
ID  aha-1
XX
DE  tyrcgtgc
P0       A     C     G     T
1    10.2878 24.6461 23.6648 41.4013
2    4.70528 51.9386 6.16127 37.1948
3    54.3562     0 45.6438     0
4        0   100     0     0
5        0     0   100     0
6        0     0     0   100
7        0     0   100     0
8    18.7799 55.3092 5.33831 20.5726
XX
CC  residue_type: 
CC  program: transfac
CC  matrix.nb: 1361
CC  accession: aha-1
CC  AC: aha-1
CC  id: aha-1
CC  name: aha-1
CC  version: 
CC  name: aha-1
CC  description: tyrcgtgc
CC  transfac_consensus: 
CC  matrix.nb: 1361
XX
//
AC  aha-1
XX
ID  aha-1
XX
DE  srgycacgtgtycm
P0       A     C     G     T
1        0 25.3846 66.9231 7.69231
2    32.3077 7.69231 46.1538 13.8462
3    6.92308 7.69231 77.6923 7.69231
4        0 25.3846     0 74.6154
5        0   100     0     0
6      100     0     0     0
7        0   100     0     0
8        0     0   100     0
9        0     0     0   100
10   3.84615     0 96.1538     0
11   24.6154 14.6154     0 60.7692
12   6.92308 46.9231 14.6154 31.5385
13   6.92308 89.2308     0 3.84615
14   41.9231 29.6154 12.6923 15.7692
XX
CC  residue_type: 
CC  program: transfac
CC  matrix.nb: 1363
CC  accession: aha-1
CC  AC: aha-1
CC  id: aha-1
CC  name: aha-1
CC  version: 
CC  name: aha-1
CC  description: srgycacgtgtycm
CC  transfac_consensus: 
CC  matrix.nb: 1363
XX
//
AC  alr-1_ceh-8
XX
ID  alr-1_ceh-8
XX
DE  taattrry
P0       A     C     G     T
1    9.74094 11.3174 3.27506 75.6666
2    78.9979 4.17628 11.0168 5.80907
3    96.1786 0.0398038 1.81522 1.9664
4    1.58666 5.32086 3.82529 89.2672
5    10.9607 10.4261 11.6385 66.9747
6    46.6764 8.61272 31.6026 13.1082
7    31.1503 14.8622 40.8058 13.1816
8    20.5307 30.936 21.3686 27.1648
XX
CC  residue_type: 
CC  program: transfac
CC  matrix.nb: 276
CC  accession: alr-1_ceh-8
CC  AC: alr-1_ceh-8
CC  id: alr-1_ceh-8
CC  name: alr-1_ceh-8
CC  version: 
CC  name: alr-1_ceh-8
CC  description: taattrry
CC  transfac_consensus: 
CC  matrix.nb: 276
XX
//
AC  alr-1_ceh-8
XX
ID  alr-1_ceh-8
XX
DE  taattrr
P0       A     C     G     T
1    15.3626 12.4527 11.7275 60.4572
2    59.3609 9.42754 18.9847 12.2269
3    70.4175 3.0785 9.8202 16.6839
4    8.47087 13.8271 11.9011 65.8009
5    15.8625 15.5484 18.9908 49.5983
6    36.2402 12.6818 34.1297 16.9483
7    27.4738 19.555 35.2771 17.6941
XX
CC  residue_type: 
CC  program: transfac
CC  matrix.nb: 313
CC  accession: alr-1_ceh-8
CC  AC: alr-1_ceh-8
CC  id: alr-1_ceh-8
CC  name: alr-1_ceh-8
CC  version: 
CC  name: alr-1_ceh-8
CC  description: taattrr
CC  transfac_consensus: 
CC  matrix.nb: 313
XX
//
AC  alr-1_ceh-8
XX
ID  alr-1_ceh-8
XX
DE  taatt
P0       A     C     G     T
1        0 1.69492     0 98.3051
2      100     0     0     0
3    98.3051 1.69492     0     0
4        0     0     0   100
5    1.69492 6.77966 3.38983 88.1356
XX
CC  residue_type: 
CC  program: transfac
CC  matrix.nb: 524
CC  accession: alr-1_ceh-8
CC  AC: alr-1_ceh-8
CC  id: alr-1_ceh-8
CC  name: alr-1_ceh-8
CC  version: 
CC  name: alr-1_ceh-8
CC  description: taatt
CC  transfac_consensus: 
CC  matrix.nb: 524
XX
//
AC  alr-1_ceh-8
XX
ID  alr-1_ceh-8
XX
DE  ytaattr
P0       A     C     G     T
1       10    45    15    30
2        0     0     0   100
3       90     0     0    10
4      100     0     0     0
5        0     0     0   100
6        0     0     5    95
7       70     0    30     0
XX
CC  residue_type: 
CC  program: transfac
CC  matrix.nb: 549
CC  accession: alr-1_ceh-8
CC  AC: alr-1_ceh-8
CC  id: alr-1_ceh-8
CC  name: alr-1_ceh-8
CC  version: 
CC  name: alr-1_ceh-8
CC  description: ytaattr
CC  transfac_consensus: 
CC  matrix.nb: 549
XX
//
AC  alr-1_ceh-8
XX
ID  alr-1_ceh-8
XX
DE  wsrytaattrrktmww
P0       A     C     G     T
1    41.6667 16.6667 8.33333 33.3333
2       20 26.6667    40 13.3333
3    26.3158 15.7895 52.6316 5.26316
4    19.5122 34.1463 7.31707 39.0244
5        0     0     0   100
6      100     0     0     0
7      100     0     0     0
8        0     0     0   100
9        0 5.26316 3.50877 91.2281
10   47.1698     0 50.9434 1.88679
11   39.2157 9.80392 39.2157 11.7647
12      20    24    28    28
13   21.2766 14.8936 10.6383 53.1915
14   31.1111 28.8889 15.5556 24.4444
15   39.4737 10.5263 18.4211 31.5789
16   41.1765 11.7647 11.7647 35.2941
XX
CC  residue_type: 
CC  program: transfac
CC  matrix.nb: 737
CC  accession: alr-1_ceh-8
CC  AC: alr-1_ceh-8
CC  id: alr-1_ceh-8
CC  name: alr-1_ceh-8
CC  version: 
CC  name: alr-1_ceh-8
CC  description: wsrytaattrrktmww
CC  transfac_consensus: 
CC  matrix.nb: 737
XX
//
AC  alr-1_ceh-8
XX
ID  alr-1_ceh-8
XX
DE  aytaattr
P0       A     C     G     T
1       55    10    20    15
2       10    45    15    30
3        0     0     0   100
4       90     0     0    10
5      100     0     0     0
6        0     0     0   100
7        0     0     5    95
8       70     0    30     0
XX
CC  residue_type: 
CC  program: transfac
CC  matrix.nb: 880
CC  accession: alr-1_ceh-8
CC  AC: alr-1_ceh-8
CC  id: alr-1_ceh-8
CC  name: alr-1_ceh-8
CC  version: 
CC  name: alr-1_ceh-8
CC  description: aytaattr
CC  transfac_consensus: 
CC  matrix.nb: 880
XX
//
AC  alr-1_ceh-8
XX
ID  alr-1_ceh-8
XX
DE  ytaattr
P0       A     C     G     T
1    17.1521 29.4498 6.79612 46.6019
2    1.2945 0.647249     0 98.0583
3    98.7055 1.2945     0     0
4      100     0     0     0
5        0     0     0   100
6    1.61812     0 4.85437 93.5275
7    58.8997 2.26537 34.9515 3.8835
XX
CC  residue_type: 
CC  program: transfac
CC  matrix.nb: 881
CC  accession: alr-1_ceh-8
CC  AC: alr-1_ceh-8
CC  id: alr-1_ceh-8
CC  name: alr-1_ceh-8
CC  version: 
CC  name: alr-1_ceh-8
CC  description: ytaattr
CC  transfac_consensus: 
CC  matrix.nb: 881
XX
//
AC  alr-1_ceh-8
XX
ID  alr-1_ceh-8
XX
DE  ytaattrr
P0       A     C     G     T
1    15.7545 26.6382 17.8634 39.7439
2    4.74407 0.524975 2.48591 92.245
3    83.9463 3.52689 8.08656 4.44023
4    99.9874     0 0.0125523     0
5    0.842368 0.814155 2.02733 96.3162
6    2.93787 6.44155 3.94618 86.6744
7    46.6394 4.09259 40.6046 8.66343
8    26.6298 18.1563 37.9237 17.2901
XX
CC  residue_type: 
CC  program: transfac
CC  matrix.nb: 1243
CC  accession: alr-1_ceh-8
CC  AC: alr-1_ceh-8
CC  id: alr-1_ceh-8
CC  name: alr-1_ceh-8
CC  version: 
CC  name: alr-1_ceh-8
CC  description: ytaattrr
CC  transfac_consensus: 
CC  matrix.nb: 1243
XX
//
AC  alr-1_ceh-8
XX
ID  alr-1_ceh-8
XX
DE  ytaattrg
P0       A     C     G     T
1    16.6339 29.1609 21.91 32.2951
2    8.21171 0.478108 5.94699 85.3632
3    82.2583 3.54025 9.78015 4.42127
4    99.1717     0 0.272851 0.555447
5    2.80135 1.06762 3.26672 92.8643
6    4.39198 5.28358 6.30727 84.0172
7    45.2847 2.9141 45.687 6.11424
8    24.7936 17.158 44.1529 13.8954
XX
CC  residue_type: 
CC  program: transfac
CC  matrix.nb: 1244
CC  accession: alr-1_ceh-8
CC  AC: alr-1_ceh-8
CC  id: alr-1_ceh-8
CC  name: alr-1_ceh-8
CC  version: 
CC  name: alr-1_ceh-8
CC  description: ytaattrg
CC  transfac_consensus: 
CC  matrix.nb: 1244
XX
//
AC  alr-1_ceh-8
XX
ID  alr-1_ceh-8
XX
DE  taatytaatta
P0       A     C     G     T
1    11.509 6.77749 2.8133 78.9003
2    74.9696 3.52369 12.1507 9.35601
3    90.4692 3.07918 3.95894 2.49267
4    5.23013 22.0711 8.159 64.5397
5    4.87805 47.9675 11.5176 35.6369
6    5.08044 24.1321 18.5436 52.2439
7    82.5971 4.14993 11.1111 2.1419
8    94.487 1.37825 2.90965 1.22511
9        0 0.321027 0.642055 99.0369
10   9.85545 8.27858 0.788436 81.0775
11   78.699 1.65816 8.92857 10.7143
XX
CC  residue_type: 
CC  program: transfac
CC  matrix.nb: 1245
CC  accession: alr-1_ceh-8
CC  AC: alr-1_ceh-8
CC  id: alr-1_ceh-8
CC  name: alr-1_ceh-8
CC  version: 
CC  name: alr-1_ceh-8
CC  description: taatytaatta
CC  transfac_consensus: 
CC  matrix.nb: 1245
XX
//
AC  alr-1_ceh-8
XX
ID  alr-1_ceh-8
XX
DE  ytaattrr
P0       A     C     G     T
1    18.2385 26.8901 22.8111 32.0603
2    8.91663 0.869371 4.41373 85.8003
3    76.0973 4.72519 9.96441 9.21313
4    98.819 0.282413 0.564827 0.333761
5    1.63743 2.90058 5.4269 90.0351
6    6.05691 8.37398 7.3374 78.2317
7    39.8802 5.54816 45.5393 9.0324
8    25.1688 18.5714 39.5325 16.7273
XX
CC  residue_type: 
CC  program: transfac
CC  matrix.nb: 1246
CC  accession: alr-1_ceh-8
CC  AC: alr-1_ceh-8
CC  id: alr-1_ceh-8
CC  name: alr-1_ceh-8
CC  version: 
CC  name: alr-1_ceh-8
CC  description: ytaattrr
CC  transfac_consensus: 
CC  matrix.nb: 1246
XX
//
AC  alr-1_ceh-8
XX
ID  alr-1_ceh-8
XX
DE  ytaattrr
P0       A     C     G     T
1    16.1206 33.3266 14.1709 36.3819
2    4.96972 1.65657 4.75597 88.6177
3    93.7441 0.527605 5.72828     0
4      100     0     0     0
5    1.52054     0 0.236967 98.2425
6    3.26494 4.85281 3.12221 88.76
7    56.1397 3.34894 33.4354 7.07598
8    28.468 16.4857 38.0579 16.9883
XX
CC  residue_type: 
CC  program: transfac
CC  matrix.nb: 1340
CC  accession: alr-1_ceh-8
CC  AC: alr-1_ceh-8
CC  id: alr-1_ceh-8
CC  name: alr-1_ceh-8
CC  version: 
CC  name: alr-1_ceh-8
CC  description: ytaattrr
CC  transfac_consensus: 
CC  matrix.nb: 1340
XX
//
AC  alr-1_ceh-8
XX
ID  alr-1_ceh-8
XX
DE  taayctg
P0       A     C     G     T
1        0     0     0   100
2      100     0     0     0
3      100     0     0     0
4        0 48.6486     0 51.3514
5    24.3243 75.6757     0     0
6        0 24.3243     0 75.6757
7    6.08108 6.08108 81.7568 6.08108
XX
CC  residue_type: 
CC  program: transfac
CC  matrix.nb: 1476
CC  accession: alr-1_ceh-8
CC  AC: alr-1_ceh-8
CC  id: alr-1_ceh-8
CC  name: alr-1_ceh-8
CC  version: 
CC  name: alr-1_ceh-8
CC  description: taayctg
CC  transfac_consensus: 
CC  matrix.nb: 1476
XX
//
AC  alr-1_ceh-8
XX
ID  alr-1_ceh-8
XX
DE  ytaattr
P0       A     C     G     T
1    17.3729 30.9322 7.20339 44.4915
2        0     0     0   100
3      100     0     0     0
4    98.3051     0 1.69492     0
5    1.69492 1.69492     0 96.6102
6        0 5.08475 5.08475 89.8305
7    45.7627 1.69492 49.1525 3.38983
XX
CC  residue_type: 
CC  program: transfac
CC  matrix.nb: 1477
CC  accession: alr-1_ceh-8
CC  AC: alr-1_ceh-8
CC  id: alr-1_ceh-8
CC  name: alr-1_ceh-8
CC  version: 
CC  name: alr-1_ceh-8
CC  description: ytaattr
CC  transfac_consensus: 
CC  matrix.nb: 1477
XX
//
AC  atf-2
XX
ID  atf-2
XX
DE  vtkrcgyaay
P0       A     C     G     T
1    36.9233 25.2504 29.3368 8.4896
2    6.54363 4.29947 1.93188 87.225
3    3.18986 7.38888 36.9652 52.4561
4    42.4684 3.45133 46.0054 8.07489
5    2.58452 65.3359 8.75426 23.3254
6    4.91586 2.1651 91.1464 1.77263
7    0.00196522 60.8158 0.0146671 39.1676
8    88.4019 3.63967 7.40306 0.555378
9    94.2769 4.83672 0.438777 0.447641
10   3.12827 27.6736 13.4702 55.7279
XX
CC  residue_type: 
CC  program: transfac
CC  matrix.nb: 55
CC  accession: atf-2
CC  AC: atf-2
CC  id: atf-2
CC  name: atf-2
CC  version: 
CC  name: atf-2
CC  description: vtkrcgyaay
CC  transfac_consensus: 
CC  matrix.nb: 55
XX
//
AC  atf-5
XX
ID  atf-5
XX
DE  ggmtgacgtca
P0       A     C     G     T
1    19.0205 19.0205 37.0889 24.87
2    11.7636 11.7636 59.1055 17.3673
3    45.976 27.7889 16.1189 10.1162
4    0.0142832 0.0142832 0.0142832 99.9571
5    5.86378 0.0142832 94.1077 0.0142832
6    94.1077 0.0142832 0.0142832 5.86378
7    0.0142832 99.9571 0.0142832 0.0142832
8    5.86378 0.0142832 94.1077 0.0142832
9    5.99374 5.99374 5.99374 82.0188
10   22.8456 44.0635 19.8402 13.2507
11   55.3058 14.8981 14.8981 14.8981
XX
CC  residue_type: 
CC  program: transfac
CC  matrix.nb: 58
CC  accession: atf-5
CC  AC: atf-5
CC  id: atf-5
CC  name: atf-5
CC  version: 
CC  name: atf-5
CC  description: ggmtgacgtca
CC  transfac_consensus: 
CC  matrix.nb: 58
XX
//
AC  atf-6
XX
ID  atf-6
XX
DE  ctkacgtrg
P0       A     C     G     T
1    18.8407 51.2143 14.6731 15.272
2    14.1526 16.6082 5.81183 63.4274
3    14.055 5.94755 48.0855 31.9119
4    91.6142 0.111647 0.753962 7.52015
5    4.02978 85.0903 1.63839 9.24158
6    8.94808 4.26925 81.5682 5.21448
7    5.96624 2.4747 0.0793503 91.4797
8    27.4311 9.59918 48.5055 14.4642
9    17.9118 3.17549 55.4488 23.4638
XX
CC  residue_type: 
CC  program: transfac
CC  matrix.nb: 54
CC  accession: atf-6
CC  AC: atf-6
CC  id: atf-6
CC  name: atf-6
CC  version: 
CC  name: atf-6
CC  description: ctkacgtrg
CC  transfac_consensus: 
CC  matrix.nb: 54
XX
//
AC  atf-7
XX
ID  atf-7
XX
DE  rrtgacgtsa
P0       A     C     G     T
1    27.5256 13.5848 36.0715 22.8181
2    62.8116 4.46669 28.2551 4.46669
3    0.00482325 0.00482325 0.00482325 99.9855
4    0.00482325 0.00482325 99.9855     0
5    99.9855 0.00482325 0.00482325     0
6    0.00482325 99.9855 0.00482325     0
7    0.00482325 0.00482325 99.9855     0
8    0.00482325 0.00482325 0.00482325 99.9855
9    20.4469 36.247 31.8861 11.42
10   38.3856 20.5381 20.5381 20.5381
XX
CC  residue_type: 
CC  program: transfac
CC  matrix.nb: 45
CC  accession: atf-7
CC  AC: atf-7
CC  id: atf-7
CC  name: atf-7
CC  version: 
CC  name: atf-7
CC  description: rrtgacgtsa
CC  transfac_consensus: 
CC  matrix.nb: 45
XX
//
AC  athp-1
XX
ID  athp-1
XX
DE  mawwtawwtk
P0       A     C     G     T
1    28.6242 28.2532 18.5859 24.5368
2    37.5836 16.9787 22.7195 22.7182
3    46.0696 10.3152 9.9406 33.6746
4    34.2994 9.10368 8.56277 48.0342
5    18.7145 7.59647 3.85352 69.8355
6    69.8355 3.85352 7.59647 18.7145
7    48.0342 8.56277 9.10368 34.2994
8    33.6746 9.9406 10.3152 46.0696
9    22.7182 22.7195 16.9787 37.5836
10   24.5368 18.5859 28.2532 28.6242
XX
CC  residue_type: 
CC  program: transfac
CC  matrix.nb: 498
CC  accession: athp-1
CC  AC: athp-1
CC  id: athp-1
CC  name: athp-1
CC  version: 
CC  name: athp-1
CC  description: mawwtawwtk
CC  transfac_consensus: 
CC  matrix.nb: 498
XX
//
AC  B0310.2
XX
ID  B0310.2
XX
DE  ktgaggkwma
P0       A     C     G     T
1    24.7865 18.1796 27.9467 29.0872
2    9.14436 15.228 18.0498 57.5778
3    2.61156 0.0304993 96.5392 0.81869
4    98.5734 0.13818 0.246795 1.04165
5    1.12322 1.47138 97.1445 0.260853
6    1.96705 0.00764684 75.6818 22.3435
7    23.1469 13.4888 25.5813 37.783
8    45.4899 17.2444 9.94918 27.3165
9    30.426 26.4511 22.3158 20.8071
10   35.3339 19.0077 24.6516 21.0067
XX
CC  residue_type: 
CC  program: transfac
CC  matrix.nb: 67
CC  accession: B0310.2
CC  AC: B0310.2
CC  id: B0310.2
CC  name: B0310.2
CC  version: 
CC  name: B0310.2
CC  description: ktgaggkwma
CC  transfac_consensus: 
CC  matrix.nb: 67
XX
//
AC  bed-3
XX
ID  bed-3
XX
DE  rstcycga
P0       A     C     G     T
1    47.1163 3.45818 40.2229 9.20267
2    21.4888 36.3599 28.0981 14.0532
3    0.00657722 0.664299 0.00657722 99.3225
4    0.00657722 99.9803 0.00657722     0
5    0.00657722 37.4967 3.29519 59.2015
6    0.00657722 97.3494 2.63746     0
7    0.00657722 0.00657722 99.9803     0
8    78.4847 3.74626 10.2859 7.48318
XX
CC  residue_type: 
CC  program: transfac
CC  matrix.nb: 11
CC  accession: bed-3
CC  AC: bed-3
CC  id: bed-3
CC  name: bed-3
CC  version: 
CC  name: bed-3
CC  description: rstcycga
CC  transfac_consensus: 
CC  matrix.nb: 11
XX
//
AC  blmp-1
XX
ID  blmp-1
XX
DE  raaarwgarar
P0       A     C     G     T
1    56.6805     0 43.3195     0
2    91.8052     0 7.89786 0.296912
3    86.8765     0 13.1235     0
4    95.4869     0 4.51306     0
5       25     0 61.1639 13.8361
6    34.3527 9.94656 16.2708 39.4299
7        0     0   100     0
8      100     0     0     0
9    63.2126     0 32.2447 4.54276
10   91.4786     0 7.54157 0.97981
11   51.8112 3.80048 41.0629 3.32542
XX
CC  residue_type: 
CC  program: transfac
CC  matrix.nb: 632
CC  accession: blmp-1
CC  AC: blmp-1
CC  id: blmp-1
CC  name: blmp-1
CC  version: 
CC  name: blmp-1
CC  description: raaarwgarar
CC  transfac_consensus: 
CC  matrix.nb: 632
XX
//
AC  blmp-1
XX
ID  blmp-1
XX
DE  rgtgaaagtg
P0       A     C     G     T
1    68.6047     0 31.3953     0
2        0     0 90.6977 9.3023
3    17.4419 22.6744 6.9767 52.907
4    3.4884     0 96.5116     0
5    97.093 2.907     0     0
6    92.4418     0 2.907 4.6512
7    96.5116 3.4884     0     0
8        0     0 94.7674 5.2326
9        0 16.2791 4.0698 79.6511
10   12.2093 13.9535 53.4884 20.3488
XX
CC  residue_type: 
CC  program: transfac
CC  matrix.nb: 819
CC  accession: blmp-1
CC  AC: blmp-1
CC  id: blmp-1
CC  name: blmp-1
CC  version: 
CC  name: blmp-1
CC  description: rgtgaaagtg
CC  transfac_consensus: 
CC  matrix.nb: 819
XX
//
AC  blmp-1
XX
ID  blmp-1
XX
DE  raaagtgaaagy
P0       A     C     G     T
1    33.3333     0 66.6667     0
2    91.6667     0     0 8.33333
3    83.3333 8.33333 8.33333     0
4      100     0     0     0
5    8.33333     0 91.6667     0
6        0 16.6667 8.33333    75
7        0     0   100     0
8      100     0     0     0
9    91.6667     0 8.33333     0
10     100     0     0     0
11   8.33333     0 91.6667     0
12       0    25     0    75
XX
CC  residue_type: 
CC  program: transfac
CC  matrix.nb: 846
CC  accession: blmp-1
CC  AC: blmp-1
CC  id: blmp-1
CC  name: blmp-1
CC  version: 
CC  name: blmp-1
CC  description: raaagtgaaagy
CC  transfac_consensus: 
CC  matrix.nb: 846
XX
//
AC  blmp-1
XX
ID  blmp-1
XX
DE  gaaagkgaaagy
P0       A     C     G     T
1    22.2222 11.1111 66.6667     0
2    77.7778     0     0 22.2222
3      100     0     0     0
4      100     0     0     0
5        0     0 88.8889 11.1111
6    11.1111 11.1111 44.4444 33.3333
7        0     0   100     0
8      100     0     0     0
9      100     0     0     0
10     100     0     0     0
11   11.1111     0 77.7778 11.1111
12       0    75     0    25
XX
CC  residue_type: 
CC  program: transfac
CC  matrix.nb: 847
CC  accession: blmp-1
CC  AC: blmp-1
CC  id: blmp-1
CC  name: blmp-1
CC  version: 
CC  name: blmp-1
CC  description: gaaagkgaaagy
CC  transfac_consensus: 
CC  matrix.nb: 847
XX
//
AC  C01G12.1
XX
ID  C01G12.1
XX
DE  ydwccggwhr
P0       A     C     G     T
1    22.0981 26.5051 19.1399 32.2569
2    27.0631 19.4889 28.3987 25.0494
3    35.335 6.6649 22.7459 35.2542
4    14.621 76.4537 0.00076202 8.92456
5    4.61724 88.0475 1.17587e-09 7.33525
6    7.33525 1.17587e-09 88.0475 4.61724
7    8.92456 0.00076202 76.4537 14.621
8    35.2542 22.7459 6.6649 35.335
9    25.0494 28.3987 19.4889 27.0631
10   32.2569 19.1399 26.5051 22.0981
XX
CC  residue_type: 
CC  program: transfac
CC  matrix.nb: 393
CC  accession: C01G12.1
CC  AC: C01G12.1
CC  id: C01G12.1
CC  name: C01G12.1
CC  version: 
CC  name: C01G12.1
CC  description: ydwccggwhr
CC  transfac_consensus: 
CC  matrix.nb: 393
XX
//
AC  C07E3.6
XX
ID  C07E3.6
XX
DE  rsyaattaws
P0       A     C     G     T
1    31.4758 20.2716 27.3637 20.8889
2    17.6036 31.4407 32.0758 18.88
3    6.77317 41.3871 4.23325 47.6065
4    81.3334 5.52099 7.67952 5.46606
5    80.9527 7.12682 5.66249 6.25802
6    6.22522 3.70102 4.56587 85.5079
7    9.73241 9.07444 4.83297 76.3602
8    73.4501 3.92202 6.40198 16.2259
9    37.8381 13.9199 20.766 27.4761
10   20.5865 29.5073 30.7115 19.1947
XX
CC  residue_type: 
CC  program: transfac
CC  matrix.nb: 223
CC  accession: C07E3.6
CC  AC: C07E3.6
CC  id: C07E3.6
CC  name: C07E3.6
CC  version: 
CC  name: C07E3.6
CC  description: rsyaattaws
CC  transfac_consensus: 
CC  matrix.nb: 223
XX
//
AC  C24A1.2
XX
ID  C24A1.2
XX
DE  amcmggaary
P0       A     C     G     T
1    35.2704 18.7847 21.8248 24.1201
2    29.5417 28.3834 18.8366 23.2383
3    20.0864 42.9503 24.7802 12.183
4    28.9523 52.2297 11.8894 6.92855
5    13.8981 1.32545 79.1822 5.59432
6    10.9863 6.33856 77.2195 5.45565
7    90.2087 0.445805 0.742395 8.60313
8    78.9723 1.2203 0.526817 19.2806
9    27.8298 16.8796 44.5276 10.7629
10   20.8426 25.4572 12.146 41.5542
XX
CC  residue_type: 
CC  program: transfac
CC  matrix.nb: 166
CC  accession: C24A1.2
CC  AC: C24A1.2
CC  id: C24A1.2
CC  name: C24A1.2
CC  version: 
CC  name: C24A1.2
CC  description: amcmggaary
CC  transfac_consensus: 
CC  matrix.nb: 166
XX
//
AC  C24A1.2
XX
ID  C24A1.2
XX
DE  ahsmggaart
P0       A     C     G     T
1    37.2844 15.7773 21.9458 24.9925
2    28.2039 27.3704 18.9057 25.52
3    17.7779 46.4305 25.7377 10.0539
4    26.0304 59.1019 11.2376 3.63011
5    4.83072 0.226501 94.1601 0.782702
6    2.64319 1.84409 93.8772 1.63556
7    87.74 1.96281 2.49522 7.80198
8    76.5799 4.65683 1.50431 17.259
9    28.1705 15.7726 48.8266 7.23026
10   18.2791 24.4287 11.4245 45.8676
XX
CC  residue_type: 
CC  program: transfac
CC  matrix.nb: 168
CC  accession: C24A1.2
CC  AC: C24A1.2
CC  id: C24A1.2
CC  name: C24A1.2
CC  version: 
CC  name: C24A1.2
CC  description: ahsmggaart
CC  transfac_consensus: 
CC  matrix.nb: 168
XX
//
AC  C24A1.2
XX
ID  C24A1.2
XX
DE  cmggaar
P0       A     C     G     T
1    11.7647 70.5882 11.7647 5.88235
2    29.4118 70.5882     0     0
3        0     0   100     0
4        0     0   100     0
5      100     0     0     0
6      100     0     0     0
7    29.4118 5.88235 58.8235 5.88235
XX
CC  residue_type: 
CC  program: transfac
CC  matrix.nb: 501
CC  accession: C24A1.2
CC  AC: C24A1.2
CC  id: C24A1.2
CC  name: C24A1.2
CC  version: 
CC  name: C24A1.2
CC  description: cmggaar
CC  transfac_consensus: 
CC  matrix.nb: 501
XX
//
AC  C24A1.2
XX
ID  C24A1.2
XX
DE  rramcmggaagtg
P0       A     C     G     T
1    30.5814 16.0305 41.3301 12.058
2    51.7088 11.1111 26.3574 10.8226
3    59.0176 8.92884 17.1475 14.9061
4    30.2264 33.9473 23.0138 12.8125
5    6.83533 74.0272 19.1374     0
6    66.0527 33.9473     0     0
7        0     0   100     0
8        0     0   100     0
9      100     0     0     0
10     100     0     0     0
11   8.75129     0 91.2487     0
12   11.6215 15.4905 1.32416 71.5638
13   19.4851 12.8347 60.105 7.57509
XX
CC  residue_type: 
CC  program: transfac
CC  matrix.nb: 614
CC  accession: C24A1.2
CC  AC: C24A1.2
CC  id: C24A1.2
CC  name: C24A1.2
CC  version: 
CC  name: C24A1.2
CC  description: rramcmggaagtg
CC  transfac_consensus: 
CC  matrix.nb: 614
XX
//
AC  C24A1.2
XX
ID  C24A1.2
XX
DE  mgaaycmggaartgrks
P0       A     C     G     T
1    28.5714 35.7143 14.2857 21.4286
2    21.4286 21.4286 42.8571 14.2857
3    73.3333 6.66667 13.3333 6.66667
4    68.75     0  12.5 18.75
5    11.7647 41.1765 11.7647 35.2941
6    11.7647 70.5882 11.7647 5.88235
7    29.4118 70.5882     0     0
8        0     0   100     0
9        0     0   100     0
10     100     0     0     0
11     100     0     0     0
12   29.4118 5.88235 58.8235 5.88235
13   6.66667 13.3333 6.66667 73.3333
14      20 13.3333 46.6667    20
15   33.3333    20 26.6667    20
16   14.2857 7.14286 42.8571 35.7143
17   16.6667    25    50 8.33333
XX
CC  residue_type: 
CC  program: transfac
CC  matrix.nb: 653
CC  accession: C24A1.2
CC  AC: C24A1.2
CC  id: C24A1.2
CC  name: C24A1.2
CC  version: 
CC  name: C24A1.2
CC  description: mgaaycmggaartgrks
CC  transfac_consensus: 
CC  matrix.nb: 653
XX
//
AC  C24A1.2
XX
ID  C24A1.2
XX
DE  sgrasscggaagygs
P0       A     C     G     T
1    19.9105 40.2685 28.6353 11.1857
2    21.7002 24.3848 43.1767 10.7383
3    40.0447 20.1342 30.8725 8.94851
4    58.3892 10.7383 16.7785 14.094
5    13.6465 48.9933 29.0828 8.2774
6    4.9217 66.8904 27.7405 0.4474
7    10.2908 89.7092     0     0
8        0     0   100     0
9    0.2237     0 99.7763     0
10   99.3289     0 0.6711     0
11     100     0     0     0
12   7.38259 2.4609 89.7091 0.4474
13   9.1723 29.9776 7.1588 53.6913
14   14.5414 18.7919 60.8501 5.8166
15   13.6465 30.8725 49.217 6.264
XX
CC  residue_type: 
CC  program: transfac
CC  matrix.nb: 761
CC  accession: C24A1.2
CC  AC: C24A1.2
CC  id: C24A1.2
CC  name: C24A1.2
CC  version: 
CC  name: C24A1.2
CC  description: sgrasscggaagygs
CC  transfac_consensus: 
CC  matrix.nb: 761
XX
//
AC  C24A1.2
XX
ID  C24A1.2
XX
DE  gaasscggaagygs
P0       A     C     G     T
1     19.8  22.6  43.6    14
2       45  18.2  24.4  12.4
3     56.2  10.8  16.4  16.6
4     13.2  46.6  29.2    11
5      4.6  65.8  27.8   1.8
6     11.8  87.4   0.4   0.4
7        1   0.6  98.4     0
8        0   0.6  99.4     0
9     99.2     0   0.4   0.4
10    99.4     0   0.6     0
11     6.8   2.4  90.2   0.6
12     5.6  25.4   5.6  63.4
13    16.2  19.4  58.6   5.8
14      20    26  44.8   9.2
XX
CC  residue_type: 
CC  program: transfac
CC  matrix.nb: 783
CC  accession: C24A1.2
CC  AC: C24A1.2
CC  id: C24A1.2
CC  name: C24A1.2
CC  version: 
CC  name: C24A1.2
CC  description: gaasscggaagygs
CC  transfac_consensus: 
CC  matrix.nb: 783
XX
//
AC  C24A1.2
XX
ID  C24A1.2
XX
DE  asscggaagyg
P0       A     C     G     T
1    54.2857 10.989 19.1209 15.6044
2    14.9451 49.8901 28.1319 7.03299
3    3.5165 69.4505 25.9341 1.0989
4    8.1319 91.8681     0     0
5        0     0   100     0
6        0     0   100     0
7      100     0     0     0
8      100     0     0     0
9    5.4945 2.4176 92.0879     0
10   7.2527 28.1319 4.1758 60.4396
11   12.967 13.6264 69.2308 4.1758
XX
CC  residue_type: 
CC  program: transfac
CC  matrix.nb: 794
CC  accession: C24A1.2
CC  AC: C24A1.2
CC  id: C24A1.2
CC  name: C24A1.2
CC  version: 
CC  name: C24A1.2
CC  description: asscggaagyg
CC  transfac_consensus: 
CC  matrix.nb: 794
XX
//
AC  C24A1.2
XX
ID  C24A1.2
XX
DE  acccggaagy
P0       A     C     G     T
1    69.9115 4.4248 1.7699 23.8938
2    10.6195 89.3805     0     0
3        0   100     0     0
4        0   100     0     0
5        0     0   100     0
6        0     0 99.115 0.885
7      100     0     0     0
8    99.115     0     0 0.885
9    7.0796     0 92.9204     0
10   12.3894 36.2832 5.3097 46.0177
XX
CC  residue_type: 
CC  program: transfac
CC  matrix.nb: 807
CC  accession: C24A1.2
CC  AC: C24A1.2
CC  id: C24A1.2
CC  name: C24A1.2
CC  version: 
CC  name: C24A1.2
CC  description: acccggaagy
CC  transfac_consensus: 
CC  matrix.nb: 807
XX
//
AC  C24A1.2
XX
ID  C24A1.2
XX
DE  whmmggaakt
P0       A     C     G     T
1     62.5  12.5     0    25
2       50    25     0    25
3     37.5  62.5     0     0
4       75    25     0     0
5     12.5     0  87.5     0
6        0  12.5  87.5     0
7      100     0     0     0
8      100     0     0     0
9     12.5     0  62.5    25
10    12.5  12.5     0    75
XX
CC  residue_type: 
CC  program: transfac
CC  matrix.nb: 898
CC  accession: C24A1.2
CC  AC: C24A1.2
CC  id: C24A1.2
CC  name: C24A1.2
CC  version: 
CC  name: C24A1.2
CC  description: whmmggaakt
CC  transfac_consensus: 
CC  matrix.nb: 898
XX
//
AC  C24A1.2
XX
ID  C24A1.2
XX
DE  acccggaagt
P0       A     C     G     T
1    83.3333 16.6667     0     0
2    5.55556 88.8889     0 5.55556
3        0   100     0     0
4        0   100     0     0
5        0     0   100     0
6        0     0   100     0
7      100     0     0     0
8      100     0     0     0
9    11.1111     0 88.8889     0
10   11.1111 5.55556     0 83.3333
XX
CC  residue_type: 
CC  program: transfac
CC  matrix.nb: 899
CC  accession: C24A1.2
CC  AC: C24A1.2
CC  id: C24A1.2
CC  name: C24A1.2
CC  version: 
CC  name: C24A1.2
CC  description: acccggaagt
CC  transfac_consensus: 
CC  matrix.nb: 899
XX
//
AC  C24A1.2
XX
ID  C24A1.2
XX
DE  aacccggaagtr
P0       A     C     G     T
1    58.5826 8.75255 14.9558 17.709
2    76.3455 7.57475 3.54374 12.536
3    13.3348 73.5438 6.42202 6.69938
4    2.57759 90.6628 6.7596     0
5    3.25568 96.7443     0     0
6        0     0   100     0
7        0     0   100     0
8    99.8262     0 0.173762     0
9    98.2891 0.0285144     0 1.68235
10   13.5189     0 86.456 0.0250815
11   0.899471 7.91005     0 91.1905
12   30.238 19.0366 39.2919 11.4335
XX
CC  residue_type: 
CC  program: transfac
CC  matrix.nb: 1071
CC  accession: C24A1.2
CC  AC: C24A1.2
CC  id: C24A1.2
CC  name: C24A1.2
CC  version: 
CC  name: C24A1.2
CC  description: aacccggaagtr
CC  transfac_consensus: 
CC  matrix.nb: 1071
XX
//
AC  C24A1.2
XX
ID  C24A1.2
XX
DE  aacccggaagtr
P0       A     C     G     T
1    72.5191 3.81679 0.763359 22.9008
2    87.5969 4.65116 3.10078 4.65116
3    12.4031 75.1938     0 12.4031
4    3.81679 87.7863 8.39695     0
5        0  93.6   4.8   1.6
6    0.571429     0 99.4286     0
7        0     0 97.191 2.80899
8    99.1525     0     0 0.847458
9    93.7008     0 0.787402 5.51181
10   5.64972     0 94.3503     0
11   1.93548 3.22581 5.16129 89.6774
12   33.1034 7.58621 55.8621 3.44828
XX
CC  residue_type: 
CC  program: transfac
CC  matrix.nb: 1072
CC  accession: C24A1.2
CC  AC: C24A1.2
CC  id: C24A1.2
CC  name: C24A1.2
CC  version: 
CC  name: C24A1.2
CC  description: aacccggaagtr
CC  transfac_consensus: 
CC  matrix.nb: 1072
XX
//
AC  C24A1.2
XX
ID  C24A1.2
XX
DE  aacccggaagtr
P0       A     C     G     T
1    56.4684 10.2927 15.1086 18.1303
2    74.8408 7.74947 1.59236 15.8174
3    15.1261 71.0466 5.72956 8.09778
4    1.5274 88.9488 9.43396 0.0898473
5    5.1088 94.3236 0.567644     0
6    0.0814996     0 99.9185     0
7        0     0 99.8371 0.162866
8    99.4616     0 0.269179 0.269179
9    98.5294 0.668449 0.26738 0.534759
10   3.3752 1.41287 94.741 0.470958
11   0.374883 5.24836 2.62418 91.7526
12   37.9473 7.81544 43.597 10.6403
XX
