AC  9430076C15Rik_M5142_0.90_1
XX
ID  9430076C15Rik_M5142_0.90_1
XX
DE  rATGACGTCAyy
PO       A     C     G     T
1    32.4602 19.9838 28.7875 18.7686
2    87.6272 5.37024 6.0563 0.946298
3    0.161031 0.429415     0 99.4096
4    0.280112 0.129282 79.8104 19.7802
5    99.7039     0 0.0269179 0.269179
6        0 98.4844     0 1.51555
7    3.91699     0 96.083     0
8    0.482833 0.160944     0 99.3562
9    19.827 80.0865     0 0.0864865
10   99.946     0     0 0.0539665
11   0.656858 48.8965 2.02312 48.4235
12   19.9784 39.5788 10.0432 30.3996
XX
CC  program: cis-bp
CC  matrix.nb: 1
CC  accession: 9430076C15Rik_M5142_0.90_1
CC  AC: 9430076C15Rik_M5142_0.90_1
CC  id: 9430076C15Rik_M5142_0.90_1
CC  name: 9430076C15Rik_M5142_0.90_1
CC  version: 
CC  matrix.nb: 1
CC  consensus.strict: aATGACGTCAcc
CC  consensus.strict.rc: GGTGACGTCATT
CC  consensus.IUPAC: rATGACGTCAyy
CC  consensus.IUPAC.rc: RRTGACGTCATY
CC  consensus.regexp: [ag]ATGACGTCA[ct][ct]
CC  consensus.regexp.rc: [AG][AG]TGACGTCAT[CT]
XX
//
AC  Ahctf1_M0132_0.90_1
XX
ID  Ahctf1_M0132_0.90_1
XX
DE  AAAwAaAt
PO       A     C     G     T
1       75 8.33333 8.33333 8.33333
2       80 6.66667 6.66667 6.66667
3    73.3333 6.66667 6.66667 13.3333
4    26.6667 6.66667 6.66667    60
5    73.3333 6.66667 6.66667 13.3333
6    66.6667 6.66667 6.66667    20
7    69.2308 7.69231 7.69231 15.3846
8    16.6667 8.33333 8.33333 66.6667
XX
CC  program: cis-bp
CC  matrix.nb: 1
CC  accession: Ahctf1_M0132_0.90_1
CC  AC: Ahctf1_M0132_0.90_1
CC  id: Ahctf1_M0132_0.90_1
CC  name: Ahctf1_M0132_0.90_1
CC  version: 
CC  matrix.nb: 1
CC  consensus.strict: AAAtAaAt
CC  consensus.strict.rc: ATTTATTT
CC  consensus.IUPAC: AAAwAaAt
CC  consensus.IUPAC.rc: ATTTWTTT
CC  consensus.regexp: AAA[at]AaAt
CC  consensus.regexp.rc: ATTT[AT]TTT
XX
//
AC  Ahr_Ahrr_M2406_0.90_1
XX
ID  Ahr_Ahrr_M2406_0.90_1
XX
DE  wstCACGCwAsyysGrrg
PO       A     C     G     T
1    33.3333     0     0 66.6667
2        0 55.5556 33.3333 11.1111
3    11.1111 11.1111 11.1111 66.6667
4        0   100     0     0
5      100     0     0     0
6        0   100     0     0
7        0     0   100     0
8        0   100     0     0
9    33.3333 11.1111 22.2222 33.3333
10     100     0     0     0
11       0 44.4444 55.5556     0
12   11.1111 44.4444 11.1111 33.3333
13       0 55.5556     0 44.4444
14   11.1111 33.3333 33.3333 22.2222
15       0 22.2222 77.7778     0
16   33.3333 11.1111 55.5556     0
17   33.3333     0 66.6667     0
18   11.1111 22.2222 66.6667     0
XX
CC  program: cis-bp
CC  matrix.nb: 1
CC  accession: Ahr_Ahrr_M2406_0.90_1
CC  AC: Ahr_Ahrr_M2406_0.90_1
CC  id: Ahr_Ahrr_M2406_0.90_1
CC  name: Ahr_Ahrr_M2406_0.90_1
CC  version: 
CC  matrix.nb: 1
CC  consensus.strict: tctCACGCaAgcccGggg
CC  consensus.strict.rc: CCCCGGGCTTGCGTGAGA
CC  consensus.IUPAC: wstCACGCwAsyysGrrg
CC  consensus.IUPAC.rc: CYYCSRRSTWGCGTGASW
CC  consensus.regexp: [at][cg]tCACGC[at]A[cg][ct][ct][cg]G[ag][ag]g
CC  consensus.regexp.rc: C[CT][CT]C[CG][AG][AG][CG]T[AT]GCGTGA[CG][AT]
XX
//
AC  Ahr_Ahrr_M4361_0.90_1
XX
ID  Ahr_Ahrr_M4361_0.90_1
XX
DE  saTTGCGTGAC
PO       A     C     G     T
1        0 61.5385 38.4615     0
2    61.5385 7.69231 15.3846 15.3846
3        0     0     0   100
4        0 23.0769     0 76.9231
5        0     0   100     0
6        0   100     0     0
7        0     0   100     0
8        0     0     0   100
9        0     0   100     0
10     100     0     0     0
11       0 76.9231     0 23.0769
XX
CC  program: cis-bp
CC  matrix.nb: 1
CC  accession: Ahr_Ahrr_M4361_0.90_1
CC  AC: Ahr_Ahrr_M4361_0.90_1
CC  id: Ahr_Ahrr_M4361_0.90_1
CC  name: Ahr_Ahrr_M4361_0.90_1
CC  version: 
CC  matrix.nb: 1
CC  consensus.strict: caTTGCGTGAC
CC  consensus.strict.rc: GTCACGCAATG
CC  consensus.IUPAC: saTTGCGTGAC
CC  consensus.IUPAC.rc: GTCACGCAATS
CC  consensus.regexp: [cg]aTTGCGTGAC
CC  consensus.regexp.rc: GTCACGCAAT[CG]
XX
//
AC  Ahr_Ahrr_M4380_0.90_1
XX
ID  Ahr_Ahrr_M4380_0.90_1
XX
DE  TGCGTGAC
PO       A     C     G     T
1        0    10     0    90
2        0     0   100     0
3        0    90     0    10
4        0    10    90     0
5        0     0     0   100
6        0     0   100     0
7      100     0     0     0
8        0    80     0    20
XX
CC  program: cis-bp
CC  matrix.nb: 1
CC  accession: Ahr_Ahrr_M4380_0.90_1
CC  AC: Ahr_Ahrr_M4380_0.90_1
CC  id: Ahr_Ahrr_M4380_0.90_1
CC  name: Ahr_Ahrr_M4380_0.90_1
CC  version: 
CC  matrix.nb: 1
CC  consensus.strict: TGCGTGAC
CC  consensus.strict.rc: GTCACGCA
CC  consensus.IUPAC: TGCGTGAC
CC  consensus.IUPAC.rc: GTCACGCA
CC  consensus.regexp: TGCGTGAC
CC  consensus.regexp.rc: GTCACGCA
XX
//
AC  Alx1_Prrxl1_M0928_0.90_1
XX
ID  Alx1_Prrxl1_M0928_0.90_1
XX
DE  yTAATTrr
PO       A     C     G     T
1    24.4872 26.0014 14.4133 35.0982
2    7.7444 3.47978 0.808132 87.9677
3    86.7505 3.50096 6.06805 3.68046
4    98.2723 0.0588798 0.958623 0.710165
5    1.63188 3.12593 2.50861 92.7336
6    9.26645 8.38463 9.64462 72.7043
7    38.8672 9.58453 38.4805 13.0678
8    28.9713 19.8123 36.8297 14.3867
XX
CC  program: cis-bp
CC  matrix.nb: 1
CC  accession: Alx1_Prrxl1_M0928_0.90_1
CC  AC: Alx1_Prrxl1_M0928_0.90_1
CC  id: Alx1_Prrxl1_M0928_0.90_1
CC  name: Alx1_Prrxl1_M0928_0.90_1
CC  version: 
CC  matrix.nb: 1
CC  consensus.strict: tTAATTag
CC  consensus.strict.rc: CTAATTAA
CC  consensus.IUPAC: yTAATTrr
CC  consensus.IUPAC.rc: YYAATTAR
CC  consensus.regexp: [ct]TAATT[ag][ag]
CC  consensus.regexp.rc: [CT][CT]AATTA[AG]
XX
//
AC  Alx1_Prrxl1_M0929_0.90_1
XX
ID  Alx1_Prrxl1_M0929_0.90_1
XX
DE  yTAATtrr
PO       A     C     G     T
1    24.2841 26.3067 18.538 30.8712
2    14.8309 2.50106 8.47157 74.1964
3    72.0695 6.80482 13.2982 7.82741
4    90.1099 0.063357 3.70999 6.11674
5    5.42501 5.26468 10.1861 79.1243
6    15.5226 11.2717 16.8154 56.3903
7    35.2662 12.0966 35.9786 16.6586
8    29.8979 20.6515 33.0423 16.4083
XX
CC  program: cis-bp
CC  matrix.nb: 1
CC  accession: Alx1_Prrxl1_M0929_0.90_1
CC  AC: Alx1_Prrxl1_M0929_0.90_1
CC  id: Alx1_Prrxl1_M0929_0.90_1
CC  name: Alx1_Prrxl1_M0929_0.90_1
CC  version: 
CC  matrix.nb: 1
CC  consensus.strict: tTAATtgg
CC  consensus.strict.rc: CCAATTAA
CC  consensus.IUPAC: yTAATtrr
CC  consensus.IUPAC.rc: YYAATTAR
CC  consensus.regexp: [ct]TAATt[ag][ag]
CC  consensus.regexp.rc: [CT][CT]AATTA[AG]
XX
//
AC  Alx3_Prrxl1_M0852_0.90_1
XX
ID  Alx3_Prrxl1_M0852_0.90_1
XX
DE  taATtrr
PO       A     C     G     T
1    14.4397 12.0611 11.9411 61.5582
2    64.421 10.7557 13.4025 11.4208
3    73.3858 2.23833 9.26024 15.1156
4    8.05425 10.4458 11.6604 69.8395
5    17.0686 15.7563 17.4135 49.7616
6    37.5164 12.4881 30.4102 19.5853
7    31.3095 17.5301 32.9148 18.2456
XX
CC  program: cis-bp
CC  matrix.nb: 1
CC  accession: Alx3_Prrxl1_M0852_0.90_1
CC  AC: Alx3_Prrxl1_M0852_0.90_1
CC  id: Alx3_Prrxl1_M0852_0.90_1
CC  name: Alx3_Prrxl1_M0852_0.90_1
CC  version: 
CC  matrix.nb: 1
CC  consensus.strict: taATtag
CC  consensus.strict.rc: CTAATTA
CC  consensus.IUPAC: taATtrr
CC  consensus.IUPAC.rc: YYAATTA
CC  consensus.regexp: taATt[ag][ag]
CC  consensus.regexp.rc: [CT][CT]AATTA
XX
//
AC  Alx4_Prrxl1_M0944_0.90_1
XX
ID  Alx4_Prrxl1_M0944_0.90_1
XX
DE  yTAATtrr
PO       A     C     G     T
1    24.558 26.6033 17.3057 31.533
2     11.9 4.24839 2.68194 81.1696
3    77.5973 7.03947 9.98948 5.37378
4    95.2272 0.0511121 1.98628 2.73537
5    3.91238 6.38625 6.25979 83.4416
6    14.0547 10.6223 14.1959 61.1271
7    35.5145 11.1333 37.7106 15.6417
8    28.8606 20.9571 33.5312 16.6511
XX
CC  program: cis-bp
CC  matrix.nb: 1
CC  accession: Alx4_Prrxl1_M0944_0.90_1
CC  AC: Alx4_Prrxl1_M0944_0.90_1
CC  id: Alx4_Prrxl1_M0944_0.90_1
CC  name: Alx4_Prrxl1_M0944_0.90_1
CC  version: 
CC  matrix.nb: 1
CC  consensus.strict: tTAATtgg
CC  consensus.strict.rc: CCAATTAA
CC  consensus.IUPAC: yTAATtrr
CC  consensus.IUPAC.rc: YYAATTAR
CC  consensus.regexp: [ct]TAATt[ag][ag]
CC  consensus.regexp.rc: [CT][CT]AATTA[AG]
XX
//
AC  Arid2_Rfx5_Rfx6_Rfx1_Rfx8_M1427_0.90_1
XX
ID  Arid2_Rfx5_Rfx6_Rfx1_Rfx8_M1427_0.90_1
XX
DE  tsGTTGCyAb
PO       A     C     G     T
1    22.8304 22.8304 22.8304 31.5088
2    11.995 35.3086 40.7015 11.995
3    0.0129951 0.0129951 99.961 0.0129951
4    0.0129951 0.0129951 0.0129951 99.961
5    0.0129951 0.0129951 0.0129951 99.961
6    8.69142 0.0129951 91.2826 0.0129951
7    0.0129951 99.961 0.0129951 0.0129951
8    0.0129951 43.7251 0.0129951 56.2489
9    93.4522 2.1826 2.1826 2.1826
10   13.018 30.4898 26.1306 30.3616
XX
CC  program: cis-bp
CC  matrix.nb: 1
CC  accession: Arid2_Rfx5_Rfx6_Rfx1_Rfx8_M1427_0.90_1
CC  AC: Arid2_Rfx5_Rfx6_Rfx1_Rfx8_M1427_0.90_1
CC  id: Arid2_Rfx5_Rfx6_Rfx1_Rfx8_M1427_0.90_1
CC  name: Arid2_Rfx5_Rfx6_Rfx1_Rfx8_M1427_0.90_1
CC  version: 
CC  matrix.nb: 1
CC  consensus.strict: tgGTTGCtAc
CC  consensus.strict.rc: GTAGCAACCA
CC  consensus.IUPAC: tsGTTGCyAb
CC  consensus.IUPAC.rc: VTRGCAACSA
CC  consensus.regexp: t[cg]GTTGC[ct]A[cgt]
CC  consensus.regexp.rc: [ACG]T[AG]GCAAC[CG]A
XX
//
AC  Arid2_Rfx5_Rfx6_Rfx1_Rfx8_M3538_0.90_1
XX
ID  Arid2_Rfx5_Rfx6_Rfx1_Rfx8_M3538_0.90_1
XX
DE  gGTtgCCaTGgcaACG
PO       A     C     G     T
1      8.8   6.6  63.7  20.9
2      6.2   6.4  85.1   2.3
3        3  11.3   5.2  80.5
4     23.9   4.8   6.2  65.1
5    20.02 12.7127 62.4625 4.8048
6    0.700701 75.2753 1.2012 22.8228
7      3.8  70.2   5.4  20.6
8     64.6   5.5  20.7   9.2
9      2.7    19     6  72.3
10    22.3   2.9  71.8     3
11    21.5  19.9  53.5   5.1
12     8.4    66   2.2  23.4
13   61.6617 10.9109 24.024 3.4034
14    87.1   1.3  10.2   1.4
15     8.3  74.9  10.9   5.9
16     7.8  18.1  69.4   4.7
XX
CC  program: cis-bp
CC  matrix.nb: 1
CC  accession: Arid2_Rfx5_Rfx6_Rfx1_Rfx8_M3538_0.90_1
CC  AC: Arid2_Rfx5_Rfx6_Rfx1_Rfx8_M3538_0.90_1
CC  id: Arid2_Rfx5_Rfx6_Rfx1_Rfx8_M3538_0.90_1
CC  name: Arid2_Rfx5_Rfx6_Rfx1_Rfx8_M3538_0.90_1
CC  version: 
CC  matrix.nb: 1
CC  consensus.strict: gGTtgCCaTGgcaACG
CC  consensus.strict.rc: CGTTGCCATGGCAACC
CC  consensus.IUPAC: gGTtgCCaTGgcaACG
CC  consensus.IUPAC.rc: CGTTGCCATGGCAACC
CC  consensus.regexp: gGTtgCCaTGgcaACG
CC  consensus.regexp.rc: CGTTGCCATGGCAACC
XX
//
AC  Arid2_Rfx5_Rfx6_Rfx1_Rfx8_M3539_0.90_1
XX
ID  Arid2_Rfx5_Rfx6_Rfx1_Rfx8_M3539_0.90_1
XX
DE  sGTTRCyA
PO       A     C     G     T
1    11.5385 26.9231 42.3077 19.2308
2        0     0   100     0
3        0     0     0   100
4        0     0     0   100
5    30.7692     0 69.2308     0
6        0   100     0     0
7    1.92308 48.0769 1.92308 48.0769
8    88.4615 3.84615 3.84615 3.84615
XX
CC  program: cis-bp
CC  matrix.nb: 1
CC  accession: Arid2_Rfx5_Rfx6_Rfx1_Rfx8_M3539_0.90_1
CC  AC: Arid2_Rfx5_Rfx6_Rfx1_Rfx8_M3539_0.90_1
CC  id: Arid2_Rfx5_Rfx6_Rfx1_Rfx8_M3539_0.90_1
CC  name: Arid2_Rfx5_Rfx6_Rfx1_Rfx8_M3539_0.90_1
CC  version: 
CC  matrix.nb: 1
CC  consensus.strict: gGTTGCcA
CC  consensus.strict.rc: TGGCAACC
CC  consensus.IUPAC: sGTTRCyA
CC  consensus.IUPAC.rc: TRGYAACS
CC  consensus.regexp: [cg]GTT[AG]C[ct]A
CC  consensus.regexp.rc: T[AG]G[CT]AAC[CG]
XX
//
AC  Arid3a_Arid3c_M0106_0.90_1
XX
ID  Arid3a_Arid3c_M0106_0.90_1
XX
DE  ywATyAaaw
PO       A     C     G     T
1    24.6578 26.7115 23.2219 25.4088
2    37.8326 8.9636 24.6105 28.5933
3    93.2211 2.00366 2.44727 2.32792
4    10.9459 5.71426 9.42122 73.9186
5    19.8441 33.3784 11.3351 35.4424
6    70.8755 5.64588 13.8866 9.59196
7    60.7308 10.0387 14.1039 15.1265
8    51.9306 10.8039 18.7259 18.5396
9    34.7377 20.2433 18.501 26.518
XX
CC  program: cis-bp
CC  matrix.nb: 1
CC  accession: Arid3a_Arid3c_M0106_0.90_1
CC  AC: Arid3a_Arid3c_M0106_0.90_1
CC  id: Arid3a_Arid3c_M0106_0.90_1
CC  name: Arid3a_Arid3c_M0106_0.90_1
CC  version: 
CC  matrix.nb: 1
CC  consensus.strict: caATtAaaa
CC  consensus.strict.rc: TTTTAATTG
CC  consensus.IUPAC: ywATyAaaw
CC  consensus.IUPAC.rc: WTTTRATWR
CC  consensus.regexp: [ct][at]AT[ct]Aaa[at]
CC  consensus.regexp.rc: [AT]TTT[AG]AT[AT][AG]
XX
//
AC  Arid3a_Arid3c_M0107_0.90_1
XX
ID  Arid3a_Arid3c_M0107_0.90_1
XX
DE  wtTTrATww
PO       A     C     G     T
1    28.7207 13.703 21.0651 36.5112
2    21.9872 14.5918 7.69416 55.7268
3    11.8816 7.65217 7.13484 73.3314
4    7.06817 8.21204 6.02309 78.6967
5    40.8983 3.93964 30.6027 24.5593
6    96.4659 1.23268 1.32206 0.979404
7    0.082565 1.74339 0.0894416 98.0846
8    32.2598 23.8987 9.24259 34.5989
9    30.0945 22.9735 19.9722 26.9597
XX
CC  program: cis-bp
CC  matrix.nb: 1
CC  accession: Arid3a_Arid3c_M0107_0.90_1
CC  AC: Arid3a_Arid3c_M0107_0.90_1
CC  id: Arid3a_Arid3c_M0107_0.90_1
CC  name: Arid3a_Arid3c_M0107_0.90_1
CC  version: 
CC  matrix.nb: 1
CC  consensus.strict: ttTTaATta
CC  consensus.strict.rc: TAATTAAAA
CC  consensus.IUPAC: wtTTrATww
CC  consensus.IUPAC.rc: WWATYAAAW
CC  consensus.regexp: [at]tTT[ag]AT[at][at]
CC  consensus.regexp.rc: [AT][AT]AT[CT]AAA[AT]
XX
//
AC  Arid3a_Arid3c_M1863_0.90_1
XX
ID  Arid3a_Arid3c_M1863_0.90_1
XX
DE  TTTrAT
PO       A     C     G     T
1    22.2222 3.7037     0 74.0741
2        0     0     0   100
3        0     0     0   100
4    62.963     0 33.3333 3.7037
5      100     0     0     0
6        0     0     0   100
XX
CC  program: cis-bp
CC  matrix.nb: 1
CC  accession: Arid3a_Arid3c_M1863_0.90_1
CC  AC: Arid3a_Arid3c_M1863_0.90_1
CC  id: Arid3a_Arid3c_M1863_0.90_1
CC  name: Arid3a_Arid3c_M1863_0.90_1
CC  version: 
CC  matrix.nb: 1
CC  consensus.strict: TTTaAT
CC  consensus.strict.rc: ATTAAA
CC  consensus.IUPAC: TTTrAT
CC  consensus.IUPAC.rc: ATYAAA
CC  consensus.regexp: TTT[ag]AT
CC  consensus.regexp.rc: AT[CT]AAA
XX
//
AC  Arid3b_Arid3c_M0105_0.90_1
XX
ID  Arid3b_Arid3c_M0105_0.90_1
XX
DE  awaTTAATwaa
PO       A     C     G     T
1    46.7943 17.7352 17.7352 17.7352
2    27.3411 8.00673 8.00673 56.6454
3    60.9177 11.9174 3.37487 23.7901
4    10.4443 0.0140595 0.0140595 89.5276
5    0.0140595 0.0140595 0.0140595 99.9578
6    99.9578 0.0140595 0.0140595 0.0140595
7    91.0941 0.0140595 0.0140595 8.87778
8    8.87778 0.0140595 0.0140595 91.0941
9    26.1793 16.7866 7.27882 49.7552
10   48.978 17.0073 17.0073 17.0073
11   35.0824 21.6392 21.6392 21.6392
XX
CC  program: cis-bp
CC  matrix.nb: 1
CC  accession: Arid3b_Arid3c_M0105_0.90_1
CC  AC: Arid3b_Arid3c_M0105_0.90_1
CC  id: Arid3b_Arid3c_M0105_0.90_1
CC  name: Arid3b_Arid3c_M0105_0.90_1
CC  version: 
CC  matrix.nb: 1
CC  consensus.strict: ataTTAATtaa
CC  consensus.strict.rc: TTAATTAATAT
CC  consensus.IUPAC: awaTTAATwaa
CC  consensus.IUPAC.rc: TTWATTAATWT
CC  consensus.regexp: a[at]aTTAAT[at]aa
CC  consensus.regexp.rc: TT[AT]ATTAAT[AT]T
XX
//
AC  Arid3c_M0104_0.90_1
XX
ID  Arid3c_M0104_0.90_1
XX
DE  wttTdATwa
PO       A     C     G     T
1    28.0526 18.4318 22.5127 31.0029
2    22.6709 17.6561 10.709 48.9639
3    13.9203 12.2233 10.2098 63.6466
4    11.5272 10.2237 5.6673 72.5817
5    37.7683 4.91097 31.2329 26.0879
6    96.7814 1.01253 1.06445 1.14163
7    0.0385606 0.0207435 0.0100969 99.9306
8    29.4769 22.2782 11.5145 36.7305
9    29.6025 22.5979 22.825 24.9746
XX
CC  program: cis-bp
CC  matrix.nb: 1
CC  accession: Arid3c_M0104_0.90_1
CC  AC: Arid3c_M0104_0.90_1
CC  id: Arid3c_M0104_0.90_1
CC  name: Arid3c_M0104_0.90_1
CC  version: 
CC  matrix.nb: 1
CC  consensus.strict: tttTaATta
CC  consensus.strict.rc: TAATTAAAA
CC  consensus.IUPAC: wttTdATwa
CC  consensus.IUPAC.rc: TWATHAAAW
CC  consensus.regexp: [at]ttT[agt]AT[at]a
CC  consensus.regexp.rc: T[AT]AT[ACT]AAA[AT]
XX
//
AC  Arid3c_M0110_0.90_1
XX
ID  Arid3c_M0110_0.90_1
XX
DE  wtttrATwm
PO       A     C     G     T
1    25.2147 20.8515 23.7463 30.1875
2    22.4942 23.8851 14.6327 38.9881
3    17.209 17.7331 16.3697 48.6881
4    16.0789 16.2405 10.9957 56.6849
5    33.1941 11.0494 31.8925 23.864
6    77.9062 7.35592 10.9737 3.76409
7    3.22647 10.6057 2.11994 84.0479
8    28.3413 23.6726 15.7103 32.2758
9    26.004 25.7453 24.0047 24.246
XX
CC  program: cis-bp
CC  matrix.nb: 1
CC  accession: Arid3c_M0110_0.90_1
CC  AC: Arid3c_M0110_0.90_1
CC  id: Arid3c_M0110_0.90_1
CC  name: Arid3c_M0110_0.90_1
CC  version: 
CC  matrix.nb: 1
CC  consensus.strict: ttttaATta
CC  consensus.strict.rc: TAATTAAAA
CC  consensus.IUPAC: wtttrATwm
CC  consensus.IUPAC.rc: KWATYAAAW
CC  consensus.regexp: [at]ttt[ag]AT[at][ac]
CC  consensus.regexp.rc: [GT][AT]AT[CT]AAA[AT]
XX
//
AC  Arid3c_M0112_0.90_1
XX
ID  Arid3c_M0112_0.90_1
XX
DE  tttrATwr
PO       A     C     G     T
1    22.8748 22.1987 14.8803 40.0462
2    18.2465 17.0129 14.6431 50.0975
3    13.8322 18.8592 7.14919 60.1595
4    33.6065 6.0178 42.2972 18.0785
5    97.3889 0.0879235 2.20056 0.322618
6    4.51944 0.0360946 0.0149714 95.4295
7    27.8506 24.4555 11.2105 36.4833
8    30.042 20.3401 26.9126 22.7052
XX
CC  program: cis-bp
CC  matrix.nb: 1
CC  accession: Arid3c_M0112_0.90_1
CC  AC: Arid3c_M0112_0.90_1
CC  id: Arid3c_M0112_0.90_1
CC  name: Arid3c_M0112_0.90_1
CC  version: 
CC  matrix.nb: 1
CC  consensus.strict: tttgATta
CC  consensus.strict.rc: TAATCAAA
CC  consensus.IUPAC: tttrATwr
CC  consensus.IUPAC.rc: YWATYAAA
CC  consensus.regexp: ttt[ag]AT[at][ag]
CC  consensus.regexp.rc: [CT][AT]AT[CT]AAA
XX
//
AC  Arid3c_M0115_0.90_1
XX
ID  Arid3c_M0115_0.90_1
XX
DE  yrATyaaa
PO       A     C     G     T
1    24.5252 27.1045 21.5355 26.8348
2    30.832 19.6593 25.4968 24.012
3    94.1882 0.0248548 0.0593262 5.72759
4    5.17629 3.50464 0.0248248 91.2942
5    19.1668 30.9749 8.87446 40.9838
6    56.2171 10.0666 16.2683 17.4479
7    50.2612 15.9145 17.5883 16.236
8    41.6728 14.8775 23.567 19.8827
XX
CC  program: cis-bp
CC  matrix.nb: 1
CC  accession: Arid3c_M0115_0.90_1
CC  AC: Arid3c_M0115_0.90_1
CC  id: Arid3c_M0115_0.90_1
CC  name: Arid3c_M0115_0.90_1
CC  version: 
CC  matrix.nb: 1
CC  consensus.strict: caATtaaa
CC  consensus.strict.rc: TTTAATTG
CC  consensus.IUPAC: yrATyaaa
CC  consensus.IUPAC.rc: TTTRATYR
CC  consensus.regexp: [ct][ag]AT[ct]aaa
CC  consensus.regexp.rc: TTT[AG]AT[CT][AG]
XX
//
AC  Arid3c_M2183_0.90_1
XX
ID  Arid3c_M2183_0.90_1
XX
DE  tyrATTAatm
PO       A     C     G     T
1    21.4286 16.6667 16.6667 45.2381
2    21.4286 35.7143 16.6667 26.1905
3       50     0    50     0
4      100     0     0     0
5    2.38095     0     0 97.619
6    2.38095     0     0 97.619
7    88.0952     0 11.9048     0
8    66.6667 11.9048 14.2857 7.14286
9    21.4286 11.9048 14.2857 52.381
10   28.5714 26.1905 23.8095 21.4286
XX
CC  program: cis-bp
CC  matrix.nb: 1
CC  accession: Arid3c_M2183_0.90_1
CC  AC: Arid3c_M2183_0.90_1
CC  id: Arid3c_M2183_0.90_1
CC  name: Arid3c_M2183_0.90_1
CC  version: 
CC  matrix.nb: 1
CC  consensus.strict: tcaATTAata
CC  consensus.strict.rc: TATTAATTGA
CC  consensus.IUPAC: tyrATTAatm
CC  consensus.IUPAC.rc: KATTAATYRA
CC  consensus.regexp: t[ct][ag]ATTAat[ac]
CC  consensus.regexp.rc: [GT]ATTAAT[CT][AG]A
XX
//
AC  Arid3c_M4310_0.90_1
XX
ID  Arid3c_M4310_0.90_1
XX
DE  AATyAAAm
PO       A     C     G     T
1    80.9524     0 4.7619 14.2857
2      100     0     0     0
3        0     0     0   100
4    4.7619 61.9048     0 33.3333
5    95.2381     0 4.7619     0
6    85.7143 9.52381 4.7619     0
7    90.4762 9.52381     0     0
8       45    40     5    10
XX
CC  program: cis-bp
CC  matrix.nb: 1
CC  accession: Arid3c_M4310_0.90_1
CC  AC: Arid3c_M4310_0.90_1
CC  id: Arid3c_M4310_0.90_1
CC  name: Arid3c_M4310_0.90_1
CC  version: 
CC  matrix.nb: 1
CC  consensus.strict: AATcAAAa
CC  consensus.strict.rc: TTTTGATT
CC  consensus.IUPAC: AATyAAAm
CC  consensus.IUPAC.rc: KTTTRATT
CC  consensus.regexp: AAT[ct]AAA[ac]
CC  consensus.regexp.rc: [GT]TTT[AG]ATT
XX
//
AC  Arid5a_M0109_0.90_1
XX
ID  Arid5a_M0109_0.90_1
XX
DE  grwAATATTkw
PO       A     C     G     T
1    22.6414 22.6414 32.0759 22.6414
2    36.8385 17.6936 27.7743 17.6936
3    25.7042 14.9621 5.10925 54.2245
4    90.2432 0.0154848 9.72586 0.0154848
5    99.9535 0.0154848 0.0154848 0.0154848
6    0.0154848 0.0154848 0.0154848 99.9535
7    99.9535 0.0154848 0.0154848 0.0154848
8    0.0154848 0.0154848 0.0154848 99.9535
9    2.37413 2.37413 2.37413 92.8776
10   17.7718 7.32192 46.6267 28.2795
11   30.1956 19.9062 19.9062 29.992
XX
CC  program: cis-bp
CC  matrix.nb: 1
CC  accession: Arid5a_M0109_0.90_1
CC  AC: Arid5a_M0109_0.90_1
CC  id: Arid5a_M0109_0.90_1
CC  name: Arid5a_M0109_0.90_1
CC  version: 
CC  matrix.nb: 1
CC  consensus.strict: gatAATATTga
CC  consensus.strict.rc: TCAATATTATC
CC  consensus.IUPAC: grwAATATTkw
CC  consensus.IUPAC.rc: WMAATATTWYC
CC  consensus.regexp: g[ag][at]AATATT[gt][at]
CC  consensus.regexp.rc: [AT][AC]AATATT[AT][CT]C
XX
//
AC  Arid5b_M0108_0.90_1
XX
ID  Arid5b_M0108_0.90_1
XX
DE  yaATwycr
PO       A     C     G     T
1    21.5558 30.5892 19.8985 27.9564
2    49.7422 6.79954 23.0313 20.4269
3    83.5696 6.72398 0.164586 9.54178
4    5.91115 6.21422 1.66004 86.2146
5    54.1038 7.77493 12.8187 25.3025
6    18.8467 31.073 8.55349 41.5268
7    20.5969 31.981 24.659 22.7631
8    29.6771 18.923 30.2766 21.1233
XX
CC  program: cis-bp
CC  matrix.nb: 1
CC  accession: Arid5b_M0108_0.90_1
CC  AC: Arid5b_M0108_0.90_1
CC  id: Arid5b_M0108_0.90_1
CC  name: Arid5b_M0108_0.90_1
CC  version: 
CC  matrix.nb: 1
CC  consensus.strict: caATatcg
CC  consensus.strict.rc: CGATATTG
CC  consensus.IUPAC: yaATwycr
CC  consensus.IUPAC.rc: YGRWATTR
CC  consensus.regexp: [ct]aAT[at][ct]c[ag]
CC  consensus.regexp.rc: [CT]G[AG][AT]ATT[AG]
XX
//
AC  Arnt2_M0178_0.90_1
XX
ID  Arnt2_M0178_0.90_1
XX
DE  atKCAyrTgm
PO       A     C     G     T
1    44.1686 23.5875 16.122 16.122
2    19.1879 18.7982 22.5189 39.495
3    0.0211099 0.0211099 26.5877 73.3701
4    14.1244 70.8098 0.0211099 15.0448
5    92.9873 0.0211099 6.97052 0.0211099
6    0.0211099 49.6749 0.0211099 50.2828
7    36.2577 0.0211099 56.6244 7.09686
8    0.0211099 0.0211099 7.09686 92.8609
9    15.7008 8.89914 66.5009 8.89914
10   33.0549 40.3477 13.2987 13.2987
XX
CC  program: cis-bp
CC  matrix.nb: 1
CC  accession: Arnt2_M0178_0.90_1
CC  AC: Arnt2_M0178_0.90_1
CC  id: Arnt2_M0178_0.90_1
CC  name: Arnt2_M0178_0.90_1
CC  version: 
CC  matrix.nb: 1
CC  consensus.strict: atTCAtgTgc
CC  consensus.strict.rc: GCACATGAAT
CC  consensus.IUPAC: atKCAyrTgm
CC  consensus.IUPAC.rc: KCAYRTGMAT
CC  consensus.regexp: at[GT]CA[ct][ag]Tg[ac]
CC  consensus.regexp.rc: [GT]CA[CT][AG]TG[AC]AT
XX
//
AC  Arntl_M0218_0.90_1
XX
ID  Arntl_M0218_0.90_1
XX
DE  dCACGTGAch
PO       A     C     G     T
1    26.8222 14.5739 33.0899 25.514
2    4.81388 93.8317 0.411273 0.943181
3    83.6649 5.1388 5.79398 5.40227
4    0.310316 94.6167 0.267091 4.80585
5    2.36214 0.94136 96.5026 0.193897
6    2.06898 1.0172 1.61132 95.3025
7    0.00833172 0.00366955 99.7148 0.273163
8    75.1513 14.2892 4.39076 6.16879
9    7.1163 55.8342 12.4583 24.5912
10   25.8571 26.1169 22.9332 25.0929
XX
CC  program: cis-bp
CC  matrix.nb: 1
CC  accession: Arntl_M0218_0.90_1
CC  AC: Arntl_M0218_0.90_1
CC  id: Arntl_M0218_0.90_1
CC  name: Arntl_M0218_0.90_1
CC  version: 
CC  matrix.nb: 1
CC  consensus.strict: gCACGTGAcc
CC  consensus.strict.rc: GGTCACGTGC
CC  consensus.IUPAC: dCACGTGAch
CC  consensus.IUPAC.rc: DGTCACGTGH
CC  consensus.regexp: [agt]CACGTGAc[act]
CC  consensus.regexp.rc: [AGT]GTCACGTG[ACT]
XX
//
AC  Arnt_M0177_0.90_1
XX
ID  Arnt_M0177_0.90_1
XX
DE  awkCACGTGayt
PO       A     C     G     T
1    30.8919 23.036 23.036 23.036
2    34.1568 17.1125 17.1125 31.6182
3    6.8338 6.8338 59.8151 26.5173
4    1.90509 86.4288 1.90509 9.76098
5    99.9459 0.018045 0.018045 0.018045
6    14.7433 85.2206 0.018045 0.018045
7    7.19511 0.018045 77.3647 15.4221
8    0.018045 0.018045 0.018045 99.9459
9    9.15908 1.98202 79.3287 9.53021
10   63.294 20.8948 7.90558 7.90558
11   18.1842 29.4572 18.1842 34.1743
12   23.113 23.113 23.113 30.6611
XX
CC  program: cis-bp
CC  matrix.nb: 1
CC  accession: Arnt_M0177_0.90_1
CC  AC: Arnt_M0177_0.90_1
CC  id: Arnt_M0177_0.90_1
CC  name: Arnt_M0177_0.90_1
CC  version: 
CC  matrix.nb: 1
CC  consensus.strict: aagCACGTGatt
CC  consensus.strict.rc: AATCACGTGCTT
CC  consensus.IUPAC: awkCACGTGayt
CC  consensus.IUPAC.rc: ARTCACGTGMWT
CC  consensus.regexp: a[at][gt]CACGTGa[ct]t
CC  consensus.regexp.rc: A[AG]TCACGTG[AC][AT]T
XX
//
AC  Arnt_M1727_0.90_1
XX
ID  Arnt_M1727_0.90_1
XX
DE  CACGTG
PO       A     C     G     T
1       20    80     0     0
2       95     0     5     0
3        0   100     0     0
4        0     0   100     0
5        0     0     0   100
6        0     0   100     0
XX
CC  program: cis-bp
CC  matrix.nb: 1
CC  accession: Arnt_M1727_0.90_1
CC  AC: Arnt_M1727_0.90_1
CC  id: Arnt_M1727_0.90_1
CC  name: Arnt_M1727_0.90_1
CC  version: 
CC  matrix.nb: 1
CC  consensus.strict: CACGTG
CC  consensus.strict.rc: CACGTG
CC  consensus.IUPAC: CACGTG
CC  consensus.IUPAC.rc: CACGTG
CC  consensus.regexp: CACGTG
CC  consensus.regexp.rc: CACGTG
XX
//
AC  Arx_Prrxl1_M0924_0.90_1
XX
ID  Arx_Prrxl1_M0924_0.90_1
XX
DE  yTAATTrr
PO       A     C     G     T
1    21.6987 31.4139 14.8389 32.0485
2    7.81626 2.65437 0.74543 88.7839
3    85.3506 4.42278 6.53236 3.69421
4    97.8482 0.0211401 0.855061 1.2756
5    0.2825 2.68029 2.78967 94.2475
6    10.4556 9.0897 9.84676 70.6079
7    39.1058 9.45243 37.1986 14.2431
8    29.7757 19.3694 37.4758 13.3791
XX
CC  program: cis-bp
CC  matrix.nb: 1
CC  accession: Arx_Prrxl1_M0924_0.90_1
CC  AC: Arx_Prrxl1_M0924_0.90_1
CC  id: Arx_Prrxl1_M0924_0.90_1
CC  name: Arx_Prrxl1_M0924_0.90_1
CC  version: 
CC  matrix.nb: 1
CC  consensus.strict: tTAATTag
CC  consensus.strict.rc: CTAATTAA
CC  consensus.IUPAC: yTAATTrr
CC  consensus.IUPAC.rc: YYAATTAR
CC  consensus.regexp: [ct]TAATT[ag][ag]
CC  consensus.regexp.rc: [CT][CT]AATTA[AG]
XX
//
AC  Ascl2_Ascl1_M0176_0.90_1
XX
ID  Ascl2_Ascl1_M0176_0.90_1
XX
DE  rrCAgcTGyy
PO       A     C     G     T
1    31.5548 18.1281 30.4969 19.8202
2    34.2567 21.565 32.9096 11.2687
3    3.62955 95.6859 2.51998e-09 0.684525
4    88.7445 2.60361 5.20401 3.44795
5    2.23128 23.3167 58.2932 16.1589
6    16.1589 58.2932 23.3167 2.23128
7    3.44795 5.20401 2.60361 88.7445
8    0.684525 2.51998e-09 95.6859 3.62955
9    11.2687 32.9096 21.565 34.2567
10   19.8202 30.4969 18.1281 31.5548
XX
CC  program: cis-bp
CC  matrix.nb: 1
CC  accession: Ascl2_Ascl1_M0176_0.90_1
CC  AC: Ascl2_Ascl1_M0176_0.90_1
CC  id: Ascl2_Ascl1_M0176_0.90_1
CC  name: Ascl2_Ascl1_M0176_0.90_1
CC  version: 
CC  matrix.nb: 1
CC  consensus.strict: aaCAgcTGtt
CC  consensus.strict.rc: AACAGCTGTT
CC  consensus.IUPAC: rrCAgcTGyy
CC  consensus.IUPAC.rc: RRCAGCTGYY
CC  consensus.regexp: [ag][ag]CAgcTG[ct][ct]
CC  consensus.regexp.rc: [AG][AG]CAGCTG[CT][CT]
XX
//
AC  Atf1_M0291_0.90_1
XX
ID  Atf1_M0291_0.90_1
XX
DE  drtgrcrwrr
PO       A     C     G     T
1    26.06 19.3057 29.0902 25.544
2    29.793 20.3743 26.1611 23.6716
3    17.4845 16.6318 24.5649 41.3188
4    18.621 17.7128 39.0283 24.6379
5    44.5741 11.2139 28.1389 16.0732
6    17.1869 42.2731 18.2497 22.2903
7    25.6025 10.0011 48.0715 16.3249
8    26.8049 18.5151 23.5372 31.1428
9    34.0203 18.301 27.8534 19.8253
10   33.6613 15.125 27.0138 24.1999
XX
CC  program: cis-bp
CC  matrix.nb: 1
CC  accession: Atf1_M0291_0.90_1
CC  AC: Atf1_M0291_0.90_1
CC  id: Atf1_M0291_0.90_1
CC  name: Atf1_M0291_0.90_1
CC  version: 
CC  matrix.nb: 1
CC  consensus.strict: gatgacgtaa
CC  consensus.strict.rc: TTACGTCATC
CC  consensus.IUPAC: drtgrcrwrr
CC  consensus.IUPAC.rc: YYWYGYCAYH
CC  consensus.regexp: [agt][ag]tg[ag]c[ag][at][ag][ag]
CC  consensus.regexp.rc: [CT][CT][AT][CT]G[CT]CA[CT][ACT]
XX
//
AC  Atf1_M0292_0.90_1
XX
ID  Atf1_M0292_0.90_1
XX
DE  rTGACGTa
PO       A     C     G     T
1    46.2274 8.6092 38.7038 6.45959
2    2.36933 1.58218 0.00787154 96.0406
3    0.00729714 2.19644 80.2758 17.5204
4    99.979 0.00699105 0.00699105     0
5    0.00699105 99.979 0.00699105     0
6    0.711067 0.00704027 99.2749     0
7    9.01477 19.8217 0.00900576 71.1545
8    59.9825 13.7556 16.2544 10.0075
XX
CC  program: cis-bp
CC  matrix.nb: 1
CC  accession: Atf1_M0292_0.90_1
CC  AC: Atf1_M0292_0.90_1
CC  id: Atf1_M0292_0.90_1
CC  name: Atf1_M0292_0.90_1
CC  version: 
CC  matrix.nb: 1
CC  consensus.strict: aTGACGTa
CC  consensus.strict.rc: TACGTCAT
CC  consensus.IUPAC: rTGACGTa
CC  consensus.IUPAC.rc: TACGTCAY
CC  consensus.regexp: [ag]TGACGTa
CC  consensus.regexp.rc: TACGTCA[CT]
XX
//
AC  Atf2_M0297_0.90_1
XX
ID  Atf2_M0297_0.90_1
XX
DE  rrTkAcGtma
PO       A     C     G     T
1    29.187 18.4253 27.7636 24.6241
2    53.0199 13.3387 27.4034 6.23805
3    3.56315 6.23791 0.123767 90.0752
4    7.37964 8.23773 55.6301 28.7525
5    75.7933 2.58057 12.5285 9.09759
6    8.46824 63.8364 8.46824 19.2271
7    15.6906 6.50821 71.0273 6.77382
8    11.7142 16.6233 6.89505 64.7675
9    36.8627 40.7396 10.2492 12.1484
10   48.934 12.4345 18.7365 19.8951
XX
CC  program: cis-bp
CC  matrix.nb: 1
CC  accession: Atf2_M0297_0.90_1
CC  AC: Atf2_M0297_0.90_1
CC  id: Atf2_M0297_0.90_1
CC  name: Atf2_M0297_0.90_1
CC  version: 
CC  matrix.nb: 1
CC  consensus.strict: aaTgAcGtca
CC  consensus.strict.rc: TGACGTCATT
CC  consensus.IUPAC: rrTkAcGtma
CC  consensus.IUPAC.rc: TKACGTMAYY
CC  consensus.regexp: [ag][ag]T[gt]AcGt[ac]a
CC  consensus.regexp.rc: T[GT]ACGT[AC]A[CT][CT]
XX
//
AC  Atf3_M0295_0.90_1
XX
ID  Atf3_M0295_0.90_1
XX
DE  tgaTgAcgy
PO       A     C     G     T
1    18.0173 24.5653 22.9045 34.5129
2    18.0819 14.6569 45.8287 21.4325
3    55.6878 11.3562 23.565 9.39109
4    2.02119 0.0716249 0.0325066 97.8747
5    8.44757 5.60623 64.3206 21.6256
6    85.4376 0.0259337 3.08881 11.4477
7    7.80437 66.9994 3.3357 21.8605
8    23.0071 13.2739 46.3306 17.3884
9    21.7065 25.2194 20.0376 33.0365
XX
CC  program: cis-bp
CC  matrix.nb: 1
CC  accession: Atf3_M0295_0.90_1
CC  AC: Atf3_M0295_0.90_1
CC  id: Atf3_M0295_0.90_1
CC  name: Atf3_M0295_0.90_1
CC  version: 
CC  matrix.nb: 1
CC  consensus.strict: tgaTgAcgt
CC  consensus.strict.rc: ACGTCATCA
CC  consensus.IUPAC: tgaTgAcgy
CC  consensus.IUPAC.rc: RCGTCATCA
CC  consensus.regexp: tgaTgAcg[ct]
CC  consensus.regexp.rc: [AG]CGTCATCA
XX
//
AC  Atf3_M0296_0.90_1
XX
ID  Atf3_M0296_0.90_1
XX
DE  GATGACGt
PO       A     C     G     T
1    8.72396 13.0642 69.4878 8.72396
2    82.7911 0.0285388 17.1518 0.0285388
3    0.0237869 0.0237869 0.0237869 99.9286
4    0.0237869 0.0237869 95.1713 4.78116
5    99.9286 0.0237869 0.0237869 0.0237869
6    0.0237869 99.9286 0.0237869 0.0237869
7    10.8261 0.0269978 81.0205 8.12635
8    9.69716 19.3621 3.25387 67.6869
XX
CC  program: cis-bp
CC  matrix.nb: 1
CC  accession: Atf3_M0296_0.90_1
CC  AC: Atf3_M0296_0.90_1
CC  id: Atf3_M0296_0.90_1
CC  name: Atf3_M0296_0.90_1
CC  version: 
CC  matrix.nb: 1
CC  consensus.strict: GATGACGt
CC  consensus.strict.rc: ACGTCATC
CC  consensus.IUPAC: GATGACGt
CC  consensus.IUPAC.rc: ACGTCATC
CC  consensus.regexp: GATGACGt
CC  consensus.regexp.rc: ACGTCATC
XX
//
AC  Atf5_Atf4_M0303_0.90_1
XX
ID  Atf5_Atf4_M0303_0.90_1
XX
DE  chattrCgyammt
PO       A     C     G     T
1    22.5953 32.2141 22.5953 22.5953
2    27.5447 27.2623 17.9259 27.2671
3    41.9876 22.5846 22.3845 13.0433
4    14.3666 14.1617 15.086 56.3858
5    11.7391 11.944 15.2771 61.0399
6    60.771 0.0238288 28.9208 10.2844
7    9.36496 71.3348 0.0238288 19.2764
8    19.0971 9.36496 52.2049 19.333
9    22.0303 31.1922 2.42852 44.349
10   56.2908 19.9722 16.6391 7.09788
11   34.5918 31.7568 11.9805 21.6709
12   29.7141 29.8889 20.1985 20.1985
13   22.6211 22.6211 22.6211 32.1368
XX
CC  program: cis-bp
CC  matrix.nb: 1
CC  accession: Atf5_Atf4_M0303_0.90_1
CC  AC: Atf5_Atf4_M0303_0.90_1
CC  id: Atf5_Atf4_M0303_0.90_1
CC  name: Atf5_Atf4_M0303_0.90_1
CC  version: 
CC  matrix.nb: 1
CC  consensus.strict: caattaCgtaact
CC  consensus.strict.rc: AGTTACGTAATTG
CC  consensus.IUPAC: chattrCgyammt
CC  consensus.IUPAC.rc: AKKTRCGYAATDG
CC  consensus.regexp: c[act]att[ag]Cg[ct]a[ac][ac]t
CC  consensus.regexp.rc: A[GT][GT]T[AG]CG[CT]AAT[AGT]G
XX
//
AC  Atf6b_Atf6_M2459_0.90_1
XX
ID  Atf6b_Atf6_M2459_0.90_1
XX
DE  TGACGTGG
PO       A     C     G     T
1        0     0     0   100
2        0     0   100     0
3      100     0     0     0
4        0   100     0     0
5        0     0   100     0
6        0     0     0   100
7        0    10    90     0
8       10     0    90     0
XX
CC  program: cis-bp
CC  matrix.nb: 1
CC  accession: Atf6b_Atf6_M2459_0.90_1
CC  AC: Atf6b_Atf6_M2459_0.90_1
CC  id: Atf6b_Atf6_M2459_0.90_1
CC  name: Atf6b_Atf6_M2459_0.90_1
CC  version: 
CC  matrix.nb: 1
CC  consensus.strict: TGACGTGG
CC  consensus.strict.rc: CCACGTCA
CC  consensus.IUPAC: TGACGTGG
CC  consensus.IUPAC.rc: CCACGTCA
CC  consensus.regexp: TGACGTGG
CC  consensus.regexp.rc: CCACGTCA
XX
//
AC  Atf7_M0306_0.90_1
XX
ID  Atf7_M0306_0.90_1
XX
DE  rrTkACGtma
PO       A     C     G     T
1    26.0002 18.1397 31.1279 24.7322
2    57.7516 12.1357 28.9668 1.14586
3    0.00188809 5.5723 0.000585999 94.4252
4    7.45953 6.10734 57.9449 28.4883
5    85.2748 0.598026 14.0958 0.0313005
6    0.00663436 83.4717 0.00277948 16.5189
7    16.9554 7.54275 69.4486 6.0532
8    13.312 12.6628 8.7466 65.2787
9    37.1994 44.0927 10.2399 8.46799
10   52.7113 11.9991 17.0275 18.2621
XX
CC  program: cis-bp
CC  matrix.nb: 1
CC  accession: Atf7_M0306_0.90_1
CC  AC: Atf7_M0306_0.90_1
CC  id: Atf7_M0306_0.90_1
CC  name: Atf7_M0306_0.90_1
CC  version: 
CC  matrix.nb: 1
CC  consensus.strict: gaTgACGtca
CC  consensus.strict.rc: TGACGTCATC
CC  consensus.IUPAC: rrTkACGtma
CC  consensus.IUPAC.rc: TKACGTMAYY
CC  consensus.regexp: [ag][ag]T[gt]ACGt[ac]a
CC  consensus.regexp.rc: T[GT]ACGT[AC]A[CT][CT]
XX
//
AC  Atoh7_M3879_0.90_1
XX
ID  Atoh7_M3879_0.90_1
XX
DE  bgvCAKrTGky
PO       A     C     G     T
1        0 43.4783 30.4348 26.087
2    21.7391 13.0435 56.5217 8.69565
3    26.087 26.087 39.1304 8.69565
4        0   100     0     0
5      100     0     0     0
6        0     0 69.5652 30.4348
7    65.2174 4.34783 30.4348     0
8        0     0     0   100
9        0     0   100     0
10   13.0435     0 56.5217 30.4348
11   4.34783 34.7826 4.34783 56.5217
XX
CC  program: cis-bp
CC  matrix.nb: 1
CC  accession: Atoh7_M3879_0.90_1
CC  AC: Atoh7_M3879_0.90_1
CC  id: Atoh7_M3879_0.90_1
CC  name: Atoh7_M3879_0.90_1
CC  version: 
CC  matrix.nb: 1
CC  consensus.strict: cggCAGaTGgt
CC  consensus.strict.rc: ACCATCTGCCG
CC  consensus.IUPAC: bgvCAKrTGky
CC  consensus.IUPAC.rc: RMCAYMTGBCV
CC  consensus.regexp: [cgt]g[acg]CA[GT][ag]TG[gt][ct]
CC  consensus.regexp.rc: [AG][AC]CA[CT][AC]TG[CGT]C[ACG]
XX
//
AC  Atoh7_M3894_0.90_1
XX
ID  Atoh7_M3894_0.90_1
XX
DE  gyGwCAkrTGk
PO       A     C     G     T
1    21.7391 8.69565 56.5217 13.0435
2    8.69565 30.4348 13.0435 47.8261
3    17.3913     0 82.6087     0
4    43.4783 13.0435 13.0435 30.4348
5        0   100     0     0
6      100     0     0     0
7        0     0 65.2174 34.7826
8    34.7826 4.34783 60.8696     0
9        0     0     0   100
10       0     0   100     0
11       0 17.3913 47.8261 34.7826
XX
CC  program: cis-bp
CC  matrix.nb: 1
CC  accession: Atoh7_M3894_0.90_1
CC  AC: Atoh7_M3894_0.90_1
CC  id: Atoh7_M3894_0.90_1
CC  name: Atoh7_M3894_0.90_1
CC  version: 
CC  matrix.nb: 1
CC  consensus.strict: gtGaCAggTGg
CC  consensus.strict.rc: CCACCTGTCAC
CC  consensus.IUPAC: gyGwCAkrTGk
CC  consensus.IUPAC.rc: MCAYMTGWCRC
CC  consensus.regexp: g[ct]G[at]CA[gt][ag]TG[gt]
CC  consensus.regexp.rc: [AC]CA[CT][AC]TG[AT]C[AG]C
XX
//
AC  Atoh7_M3896_0.90_1
XX
ID  Atoh7_M3896_0.90_1
XX
DE  mCAymTGkC
PO       A     C     G     T
1    45.4545 27.2727 22.7273 4.54545
2        0   100     0     0
3      100     0     0     0
4    9.09091 36.3636 13.6364 40.9091
5    40.9091 59.0909     0     0
6        0     0     0   100
7        0     0   100     0
8    22.7273 4.54545 36.3636 36.3636
9        0 81.8182 9.09091 9.09091
XX
CC  program: cis-bp
CC  matrix.nb: 1
CC  accession: Atoh7_M3896_0.90_1
CC  AC: Atoh7_M3896_0.90_1
CC  id: Atoh7_M3896_0.90_1
CC  name: Atoh7_M3896_0.90_1
CC  version: 
CC  matrix.nb: 1
CC  consensus.strict: aCAtcTGgC
CC  consensus.strict.rc: GCCAGATGT
CC  consensus.IUPAC: mCAymTGkC
CC  consensus.IUPAC.rc: GMCAKRTGK
CC  consensus.regexp: [ac]CA[ct][ac]TG[gt]C
CC  consensus.regexp.rc: G[AC]CA[GT][AG]TG[GT]
XX
//
AC  Atoh7_M3898_0.90_1
XX
ID  Atoh7_M3898_0.90_1
XX
DE  GkCAkrTGk
PO       A     C     G     T
1    5.26316 5.26316 73.6842 15.7895
2    15.7895 15.7895 36.8421 31.5789
3        0   100     0     0
4    94.7368     0     0 5.26316
5        0     0 63.1579 36.8421
6    42.1053 5.26316 52.6316     0
7        0 5.26316     0 94.7368
8        0     0   100     0
9        0 15.7895 47.3684 36.8421
XX
CC  program: cis-bp
CC  matrix.nb: 1
CC  accession: Atoh7_M3898_0.90_1
CC  AC: Atoh7_M3898_0.90_1
CC  id: Atoh7_M3898_0.90_1
CC  name: Atoh7_M3898_0.90_1
CC  version: 
CC  matrix.nb: 1
CC  consensus.strict: GgCAggTGg
CC  consensus.strict.rc: CCACCTGCC
CC  consensus.IUPAC: GkCAkrTGk
CC  consensus.IUPAC.rc: MCAYMTGMC
CC  consensus.regexp: G[gt]CA[gt][ag]TG[gt]
CC  consensus.regexp.rc: [AC]CA[CT][AC]TG[AC]C
XX
//
AC  Atoh8_M4260_0.90_1
XX
ID  Atoh8_M4260_0.90_1
XX
DE  mCAGrTGky
PO       A     C     G     T
1    45.4545 31.8182 18.1818 4.54545
2        0   100     0     0
3    95.4545     0 4.54545     0
4        0     0   100     0
5    27.2727 9.09091 63.6364     0
6        0     0     0   100
7        0     0   100     0
8        0 13.6364 59.0909 27.2727
9    4.54545 31.8182 18.1818 45.4545
XX
CC  program: cis-bp
CC  matrix.nb: 1
CC  accession: Atoh8_M4260_0.90_1
CC  AC: Atoh8_M4260_0.90_1
CC  id: Atoh8_M4260_0.90_1
CC  name: Atoh8_M4260_0.90_1
CC  version: 
CC  matrix.nb: 1
CC  consensus.strict: aCAGgTGgt
CC  consensus.strict.rc: ACCACCTGT
CC  consensus.IUPAC: mCAGrTGky
CC  consensus.IUPAC.rc: RMCAYCTGK
CC  consensus.regexp: [ac]CAG[ag]TG[gt][ct]
CC  consensus.regexp.rc: [AG][AC]CA[CT]CTG[GT]
XX
//
AC  Bach1_Bach2_M2460_0.90_1
XX
ID  Bach1_Bach2_M2460_0.90_1
XX
DE  rbcATGACTCATsgy
PO       A     C     G     T
1    51.8519 14.8148 25.9259 7.40741
2    14.8148 25.9259 33.3333 25.9259
3    11.1111 51.8519 22.2222 14.8148
4    81.4815 3.7037 11.1111 3.7037
5        0     0     0   100
6        0     0   100     0
7      100     0     0     0
8        0   100     0     0
9        0     0     0   100
10       0   100     0     0
11     100     0     0     0
12       0 22.2222 3.7037 74.0741
13   11.1111 44.4444 33.3333 11.1111
14   22.2222 22.2222 33.3333 22.2222
15   7.40741 25.9259 18.5185 48.1481
XX
CC  program: cis-bp
CC  matrix.nb: 1
CC  accession: Bach1_Bach2_M2460_0.90_1
CC  AC: Bach1_Bach2_M2460_0.90_1
CC  id: Bach1_Bach2_M2460_0.90_1
CC  name: Bach1_Bach2_M2460_0.90_1
CC  version: 
CC  matrix.nb: 1
CC  consensus.strict: agcATGACTCATcgt
CC  consensus.strict.rc: ACGATGAGTCATGCT
CC  consensus.IUPAC: rbcATGACTCATsgy
CC  consensus.IUPAC.rc: RCSATGAGTCATGVY
CC  consensus.regexp: [ag][cgt]cATGACTCAT[cg]g[ct]
CC  consensus.regexp.rc: [AG]C[CG]ATGAGTCATG[ACG][CT]
XX
//
AC  Bach1_Bach2_M2461_0.90_1
XX
ID  Bach1_Bach2_M2461_0.90_1
XX
DE  srTGACTCAys
PO       A     C     G     T
1        5    25    55    15
2       50    15    25    10
3        0 4.54545     0 95.4545
4        0 3.84615 88.4615 7.69231
5    92.3077 3.84615     0 3.84615
6        0 92.3077     0 7.69231
7    3.84615 3.84615 23.0769 69.2308
8    3.84615 96.1538     0     0
9    92.3077 7.69231     0     0
10   3.84615    50 7.69231 38.4615
11   9.09091 31.8182    50 9.09091
XX
CC  program: cis-bp
CC  matrix.nb: 1
CC  accession: Bach1_Bach2_M2461_0.90_1
CC  AC: Bach1_Bach2_M2461_0.90_1
CC  id: Bach1_Bach2_M2461_0.90_1
CC  name: Bach1_Bach2_M2461_0.90_1
CC  version: 
CC  matrix.nb: 1
CC  consensus.strict: gaTGACTCAcg
CC  consensus.strict.rc: CGTGAGTCATC
CC  consensus.IUPAC: srTGACTCAys
CC  consensus.IUPAC.rc: SRTGAGTCAYS
CC  consensus.regexp: [cg][ag]TGACTCA[ct][cg]
CC  consensus.regexp.rc: [CG][AG]TGAGTCA[CT][CG]
XX
//
AC  Barhl1_M0885_0.90_1
XX
ID  Barhl1_M0885_0.90_1
XX
DE  yTAAwygsy
PO       A     C     G     T
1    23.9869 31.7378 19.0584 25.2168
2    13.3763 5.07073 2.23331 79.3196
3    85.0989 2.08301 5.17487 7.64319
4    95.9274 1.17773 0.450946 2.44389
5    32.4957 7.77652 13.6141 46.1136
6    13.9125 30.6548 13.6371 41.7956
7    19.3728 6.19579 61.1831 13.2483
8    20.156 26.937 31.9285 20.9785
9    17.4474 29.055 18.7125 34.7851
XX
CC  program: cis-bp
CC  matrix.nb: 1
CC  accession: Barhl1_M0885_0.90_1
CC  AC: Barhl1_M0885_0.90_1
CC  id: Barhl1_M0885_0.90_1
CC  name: Barhl1_M0885_0.90_1
CC  version: 
CC  matrix.nb: 1
