AC  ARNTL_CLOCK_parsed.tab_1
XX
ID  ARNTL_CLOCK
XX
DE  drtcacgtgm
P0       A     C     G     T
1    0.255 0.194 0.265 0.286
2    0.284 0.175 0.453 0.087
3    0.153 0.073 0.158 0.615
4    0.008  0.98 0.005 0.007
5    0.924 0.029 0.014 0.033
6    0.012 0.938 0.014 0.037
7    0.076  0.02 0.899 0.006
8    0.038 0.054 0.035 0.873
9    0.005 0.009 0.895 0.091
10   0.316 0.298 0.139 0.247
XX
CC  program: tab
CC  matrix.nb: 1
CC  matrix.nb: 1
CC  consensus.strict: tgtcacgtga
CC  consensus.strict.rc: TCACGTGACA
CC  consensus.IUPAC: drtcacgtgm
CC  consensus.IUPAC.rc: KCACGTGAYH
CC  consensus.regexp: [agt][ag]tcacgtg[ac]
CC  consensus.regexp.rc: [GT]CACGTGA[CT][ACT]
XX
//
AC  CTCF_parsed.tab_1
XX
ID  CTCF
XX
DE  rccrstagggggcgc
P0       A     C     G     T
1    0.337 0.124 0.368 0.171
2    0.148 0.637 0.109 0.105
3     0.06 0.905 0.019 0.016
4    0.332 0.077 0.439 0.152
5    0.168 0.456 0.307  0.07
6     0.14 0.193 0.124 0.543
7     0.74 0.037 0.143  0.08
8    0.017 0.015 0.952 0.016
9    0.218 0.011 0.757 0.014
10   0.031 0.074 0.669 0.226
11   0.005 0.003 0.972  0.02
12   0.018 0.038 0.868 0.076
13   0.066 0.797 0.065 0.071
14   0.149 0.052 0.766 0.033
15     0.1 0.506 0.162 0.232
XX
CC  program: tab
CC  matrix.nb: 1
CC  matrix.nb: 1
CC  consensus.strict: gccgctagggggcgc
CC  consensus.strict.rc: GCGCCCCCTAGCGGC
CC  consensus.IUPAC: rccrstagggggcgc
CC  consensus.IUPAC.rc: GCGCCCCCTASYGGY
CC  consensus.regexp: [ag]cc[ag][cg]tagggggcgc
CC  consensus.regexp.rc: GCGCCCCCTA[CG][CT]GG[CT]
XX
//
AC  EN1_parsed.tab_1
XX
ID  EN1
XX
DE  ryyaatta
P0       A     C     G     T
1    0.405  0.18 0.369 0.046
2    0.172 0.352 0.184 0.293
3    0.007 0.323 0.002 0.668
4    0.958 0.009 0.026 0.007
5    0.993 0.002 0.002 0.002
6    0.002 0.002 0.002 0.994
7    0.007 0.062 0.008 0.923
8    0.826 0.002  0.16 0.012
XX
CC  program: tab
CC  matrix.nb: 1
CC  matrix.nb: 1
CC  consensus.strict: actaatta
CC  consensus.strict.rc: TAATTAGT
CC  consensus.IUPAC: ryyaatta
CC  consensus.IUPAC.rc: TAATTRRY
CC  consensus.regexp: [ag][ct][ct]aatta
CC  consensus.regexp.rc: TAATT[AG][AG][CT]
XX
//
AC  FLI1_parsed.tab_1
XX
ID  FLI1
XX
DE  yayttccggt
P0       A     C     G     T
1    0.176 0.354 0.152 0.318
2    0.658 0.064 0.213 0.065
3    0.021 0.511 0.036 0.432
4    0.248 0.001 0.009 0.742
5    0.002 0.001 0.001 0.996
6    0.001 0.997 0.001 0.001
7    0.001 0.997 0.001 0.001
8    0.001 0.011 0.796 0.192
9    0.043 0.132 0.705  0.12
10   0.154 0.193 0.076 0.577
XX
CC  program: tab
CC  matrix.nb: 1
CC  matrix.nb: 1
CC  consensus.strict: cacttccggt
CC  consensus.strict.rc: ACCGGAAGTG
CC  consensus.IUPAC: yayttccggt
CC  consensus.IUPAC.rc: ACCGGAARTR
CC  consensus.regexp: [ct]a[ct]ttccggt
CC  consensus.regexp.rc: ACCGGAA[AG]T[AG]
XX
//
AC  FOSL2_parsed.tab_1
XX
ID  FOSL2
XX
DE  rtgastca
P0       A     C     G     T
1    0.533 0.091 0.331 0.045
2    0.048 0.073 0.029  0.85
3    0.116 0.047 0.682 0.154
4    0.803 0.073  0.04 0.084
5    0.183 0.377 0.287 0.153
6    0.118 0.039 0.161 0.682
7    0.178 0.623 0.053 0.146
8    0.792 0.039 0.088 0.081
XX
CC  program: tab
CC  matrix.nb: 1
CC  matrix.nb: 1
CC  consensus.strict: atgactca
CC  consensus.strict.rc: TGAGTCAT
CC  consensus.IUPAC: rtgastca
CC  consensus.IUPAC.rc: TGASTCAY
CC  consensus.regexp: [ag]tga[cg]tca
CC  consensus.regexp.rc: TGA[CG]TCA[CT]
XX
//
AC  FOXP2_parsed.tab_1
XX
ID  FOXP2
XX
DE  wtttrtttay
P0       A     C     G     T
1    0.342 0.137 0.188 0.333
2    0.247 0.204 0.232 0.317
3    0.237 0.101 0.098 0.565
4     0.04 0.017 0.046 0.896
5    0.316 0.009  0.65 0.025
6     0.04 0.022 0.029 0.909
7    0.056 0.017 0.093 0.834
8    0.043 0.009 0.163 0.785
9    0.779 0.016 0.065  0.14
10   0.079 0.527 0.056 0.338
XX
CC  program: tab
CC  matrix.nb: 1
CC  matrix.nb: 1
CC  consensus.strict: atttgtttac
CC  consensus.strict.rc: GTAAACAAAT
CC  consensus.IUPAC: wtttrtttay
CC  consensus.IUPAC.rc: RTAAAYAAAW
CC  consensus.regexp: [at]ttt[ag]ttta[ct]
CC  consensus.regexp.rc: [AG]TAAA[CT]AAA[AT]
XX
//
AC  GATA3_parsed.tab_1
XX
ID  GATA3
XX
DE  wgataasr
P0       A     C     G     T
1    0.502 0.226 0.001 0.271
2        0     0 0.999     0
3    0.999     0     0     0
4        0     0     0 0.999
5    0.914 0.002     0 0.083
6    0.862 0.015 0.076 0.047
7    0.114 0.301 0.476 0.109
8    0.423 0.188 0.321 0.068
XX
CC  program: tab
CC  matrix.nb: 1
CC  matrix.nb: 1
CC  consensus.strict: agataaga
CC  consensus.strict.rc: TCTTATCT
CC  consensus.IUPAC: wgataasr
CC  consensus.IUPAC.rc: YSTTATCW
CC  consensus.regexp: [at]gataa[cg][ag]
CC  consensus.regexp.rc: [CT][CG]TTATC[AT]
XX
//
AC  GCM1_parsed.tab_1
XX
ID  GCM1
XX
DE  yrcccgcat
P0       A     C     G     T
1    0.109 0.307 0.132 0.451
2    0.624 0.005 0.365 0.006
3        0 0.999     0     0
4        0 0.999     0     0
5    0.129 0.842 0.001 0.028
6    0.026 0.057 0.839 0.078
7        0 0.741 0.036 0.223
8    0.995     0 0.003 0.002
9    0.003 0.133  0.14 0.724
XX
CC  program: tab
CC  matrix.nb: 1
CC  matrix.nb: 1
CC  consensus.strict: tacccgcat
CC  consensus.strict.rc: ATGCGGGTA
CC  consensus.IUPAC: yrcccgcat
CC  consensus.IUPAC.rc: ATGCGGGYR
CC  consensus.regexp: [ct][ag]cccgcat
CC  consensus.regexp.rc: ATGCGGG[CT][AG]
XX
//
AC  JUNB_FOSB_primary_parsed.tab_1
XX
ID  JUNB_FOSB_primary
XX
DE  krtgastcay
P0       A     C     G     T
1    0.119 0.182 0.429  0.27
2    0.598 0.061 0.321  0.02
3    0.001     0 0.001 0.998
4    0.001     0  0.98 0.019
5    0.997 0.001 0.001 0.001
6    0.034 0.596 0.309 0.061
7    0.002 0.001 0.039 0.958
8    0.191 0.808 0.001 0.001
9    0.998     0 0.001 0.001
10   0.037 0.259 0.126 0.578
XX
CC  program: tab
CC  matrix.nb: 1
CC  matrix.nb: 1
CC  consensus.strict: gatgactcat
CC  consensus.strict.rc: ATGAGTCATC
CC  consensus.IUPAC: krtgastcay
CC  consensus.IUPAC.rc: RTGASTCAYM
CC  consensus.regexp: [gt][ag]tga[cg]tca[ct]
CC  consensus.regexp.rc: [AG]TGA[CG]TCA[CT][AC]
XX
//
AC  JUNB_FOSB_secondary_parsed.tab_1
XX
ID  JUNB_FOSB_secondary
XX
DE  rtgacgtcay
P0       A     C     G     T
1    0.561 0.059 0.368 0.012
2     0.03 0.036 0.016 0.917
3    0.013 0.046   0.7 0.242
4    0.869 0.044  0.06 0.028
5     0.03 0.842 0.027 0.101
6    0.052 0.035 0.893  0.02
7    0.056  0.08 0.028 0.836
8    0.173 0.776 0.036 0.015
9    0.923 0.016  0.03 0.031
10   0.011  0.26 0.065 0.664
XX
CC  program: tab
CC  matrix.nb: 1
CC  matrix.nb: 1
CC  consensus.strict: atgacgtcat
CC  consensus.strict.rc: ATGACGTCAT
CC  consensus.IUPAC: rtgacgtcay
CC  consensus.IUPAC.rc: RTGACGTCAY
CC  consensus.regexp: [ag]tgacgtca[ct]
CC  consensus.regexp.rc: [AG]TGACGTCA[CT]
XX
//
AC  JUNB_FOSL1_primary_parsed.tab_1
XX
ID  JUNB_FOSL1_primary
XX
DE  ykrtgactmatmc
P0       A     C     G     T
1    0.237 0.269 0.195   0.3
2    0.216 0.146 0.376 0.263
3    0.566   0.1 0.287 0.047
4    0.023 0.016 0.016 0.945
5    0.036 0.021  0.88 0.063
6    0.917  0.02 0.021 0.042
7    0.063 0.626 0.198 0.113
8    0.059 0.023 0.115 0.803
9    0.271 0.683 0.009 0.037
10   0.904 0.021 0.038 0.037
11   0.053 0.225  0.17 0.552
12     0.3 0.298 0.204 0.198
13   0.247   0.3 0.223  0.23
XX
CC  program: tab
CC  matrix.nb: 1
CC  matrix.nb: 1
CC  consensus.strict: tgatgactcatac
CC  consensus.strict.rc: GTATGAGTCATCA
CC  consensus.IUPAC: ykrtgactmatmc
CC  consensus.IUPAC.rc: GKATKAGTCAYMR
CC  consensus.regexp: [ct][gt][ag]tgact[ac]at[ac]c
CC  consensus.regexp.rc: G[GT]AT[GT]AGTCA[CT][AC][AG]
XX
//
AC  JUNB_FOSL2_primary_parsed.tab_1
XX
ID  JUNB_FOSL2_primary
XX
DE  krtgastcay
P0       A     C     G     T
1    0.151 0.164 0.407 0.277
2    0.621 0.053 0.314 0.013
3        0     0     0 0.999
4        0     0 0.985 0.014
5    0.999     0     0     0
6    0.054 0.568 0.292 0.085
7    0.001     0 0.026 0.973
8    0.168 0.831     0     0
9    0.999     0     0     0
10   0.035 0.251 0.112 0.602
XX
CC  program: tab
CC  matrix.nb: 1
CC  matrix.nb: 1
CC  consensus.strict: gatgactcat
CC  consensus.strict.rc: ATGAGTCATC
CC  consensus.IUPAC: krtgastcay
CC  consensus.IUPAC.rc: RTGASTCAYM
CC  consensus.regexp: [gt][ag]tga[cg]tca[ct]
CC  consensus.regexp.rc: [AG]TGA[CG]TCA[CT][AC]
XX
//
AC  JUNB_FOSL2_secondary_parsed.tab_1
XX
ID  JUNB_FOSL2_secondary
XX
DE  krtgacgtcaym
P0       A     C     G     T
1    0.227  0.15 0.359 0.263
2    0.638 0.065 0.268 0.029
3    0.008 0.017 0.006 0.969
4    0.012 0.021  0.78 0.187
5    0.972 0.005 0.013  0.01
6     0.01 0.899 0.017 0.074
7    0.074 0.016   0.9  0.01
8     0.01 0.012 0.006 0.972
9    0.186 0.778 0.023 0.013
10   0.968 0.005 0.019 0.008
11   0.028 0.266 0.067 0.639
12   0.263 0.358 0.151 0.228
XX
CC  program: tab
CC  matrix.nb: 1
CC  matrix.nb: 1
CC  consensus.strict: gatgacgtcatc
CC  consensus.strict.rc: GATGACGTCATC
CC  consensus.IUPAC: krtgacgtcaym
CC  consensus.IUPAC.rc: KRTGACGTCAYM
CC  consensus.regexp: [gt][ag]tgacgtca[ct][ac]
CC  consensus.regexp.rc: [GT][AG]TGACGTCA[CT][AC]
XX
//
AC  JUNB_FOS_primary_parsed.tab_1
XX
ID  JUNB_FOS_primary
XX
DE  krtgastcaymv
P0       A     C     G     T
1    0.174 0.168 0.372 0.286
2    0.593 0.105 0.267 0.036
3    0.001 0.001 0.001 0.998
4    0.001 0.001 0.868 0.131
5    0.965  0.03 0.001 0.004
6    0.048 0.309 0.618 0.025
7    0.001 0.001 0.003 0.996
8    0.027 0.971 0.001 0.001
9    0.998 0.001 0.001 0.001
10   0.007 0.284 0.051 0.658
11   0.275 0.363 0.178 0.184
12   0.283 0.304 0.256 0.156
XX
CC  program: tab
CC  matrix.nb: 1
CC  matrix.nb: 1
CC  consensus.strict: gatgagtcatcc
CC  consensus.strict.rc: GGATGACTCATC
CC  consensus.IUPAC: krtgastcaymv
CC  consensus.IUPAC.rc: BKRTGASTCAYM
CC  consensus.regexp: [gt][ag]tga[cg]tca[ct][ac][acg]
CC  consensus.regexp.rc: [CGT][GT][AG]TGA[CG]TCA[CT][AC]
XX
//
AC  JUNB_primary_parsed.tab_1
XX
ID  JUNB_primary
XX
DE  atgactca
P0       A     C     G     T
1    0.598 0.154 0.199  0.05
2    0.027 0.022 0.019 0.933
3    0.014 0.079 0.753 0.155
4    0.945 0.016 0.017 0.022
5    0.043 0.686 0.178 0.093
6    0.062 0.019 0.207 0.712
7    0.156 0.708 0.044 0.092
8    0.872 0.026 0.054 0.048
XX
CC  program: tab
CC  matrix.nb: 1
CC  matrix.nb: 1
CC  consensus.strict: atgactca
CC  consensus.strict.rc: TGAGTCAT
CC  consensus.IUPAC: atgactca
CC  consensus.IUPAC.rc: TGAGTCAT
CC  consensus.regexp: atgactca
CC  consensus.regexp.rc: TGAGTCAT
XX
//
AC  JUNB_secondary_parsed.tab_1
XX
ID  JUNB_secondary
XX
DE  rtkacgtmay
P0       A     C     G     T
1    0.528 0.102 0.274 0.096
2    0.043 0.025 0.036 0.896
3    0.031 0.069 0.608 0.291
4     0.85  0.02 0.066 0.064
5     0.03 0.825 0.061 0.084
6    0.083 0.058 0.828 0.032
7    0.062 0.063 0.023 0.852
8     0.29 0.605 0.072 0.033
9    0.894 0.033 0.029 0.045
10   0.095 0.271 0.105  0.53
XX
CC  program: tab
CC  matrix.nb: 1
CC  matrix.nb: 1
CC  consensus.strict: atgacgtcat
CC  consensus.strict.rc: ATGACGTCAT
CC  consensus.IUPAC: rtkacgtmay
CC  consensus.IUPAC.rc: RTKACGTMAY
CC  consensus.regexp: [ag]t[gt]acgt[ac]a[ct]
CC  consensus.regexp.rc: [AG]T[GT]ACGT[AC]A[CT]
XX
//
AC  JUND_FOSB_primary_parsed.tab_1
XX
ID  JUND_FOSB_primary
XX
DE  tatgactmatw
P0       A     C     G     T
1    0.201 0.227 0.208 0.364
2    0.472 0.078 0.204 0.247
3    0.083 0.075 0.041 0.802
4    0.209 0.064 0.499 0.228
5    0.714 0.098 0.076 0.112
6    0.191 0.562  0.07 0.178
7    0.242 0.072  0.08 0.605
8     0.26 0.433 0.068 0.239
9    0.684 0.084 0.132   0.1
10   0.209 0.159 0.099 0.533
11   0.371 0.186 0.162 0.281
XX
CC  program: tab
CC  matrix.nb: 1
CC  matrix.nb: 1
CC  consensus.strict: tatgactcata
CC  consensus.strict.rc: TATGAGTCATA
CC  consensus.IUPAC: tatgactmatw
CC  consensus.IUPAC.rc: WATKAGTCATA
CC  consensus.regexp: tatgact[ac]at[at]
CC  consensus.regexp.rc: [AT]AT[GT]AGTCATA
XX
//
AC  JUND_FOSL1_secondary_parsed.tab_1
XX
ID  JUND_FOSL1_secondary
XX
DE  rtgacgymay
P0       A     C     G     T
1    0.561 0.075 0.324  0.04
2    0.036  0.05 0.044  0.87
3    0.039 0.101 0.777 0.082
4     0.87 0.045 0.041 0.044
5    0.032 0.835 0.064 0.068
6    0.116 0.059 0.649 0.176
7    0.117 0.262 0.039 0.582
8    0.546  0.33 0.083 0.041
9    0.645 0.066   0.1 0.188
10   0.123 0.401 0.082 0.394
XX
CC  program: tab
CC  matrix.nb: 1
CC  matrix.nb: 1
CC  consensus.strict: atgacgtaac
CC  consensus.strict.rc: GTTACGTCAT
CC  consensus.IUPAC: rtgacgymay
CC  consensus.IUPAC.rc: RTKRCGTCAY
CC  consensus.regexp: [ag]tgacg[ct][ac]a[ct]
CC  consensus.regexp.rc: [AG]T[GT][AG]CGTCA[CT]
XX
//
AC  JUND_FOSL2_primary_parsed.tab_1
XX
ID  JUND_FOSL2_primary
XX
DE  krtgastcay
P0       A     C     G     T
1    0.137 0.143 0.446 0.275
2    0.634  0.06 0.291 0.014
3        0     0     0 0.999
4        0     0  0.99  0.01
5    0.998 0.001     0     0
6    0.046 0.604 0.292 0.058
7    0.006     0  0.06 0.934
8     0.14  0.86     0     0
9    0.999     0     0     0
10   0.038 0.266 0.113 0.583
XX
CC  program: tab
CC  matrix.nb: 1
CC  matrix.nb: 1
CC  consensus.strict: gatgactcat
CC  consensus.strict.rc: ATGAGTCATC
CC  consensus.IUPAC: krtgastcay
CC  consensus.IUPAC.rc: RTGASTCAYM
CC  consensus.regexp: [gt][ag]tga[cg]tca[ct]
CC  consensus.regexp.rc: [AG]TGA[CG]TCA[CT][AC]
XX
//
AC  JUND_FOS_primary_parsed.tab_1
XX
ID  JUND_FOS_primary
XX
DE  kkrtgagtcaymv
P0       A     C     G     T
1    0.183 0.244 0.315 0.258
2    0.182 0.167 0.389 0.263
3    0.593 0.104 0.266 0.038
4        0 0.001     0 0.999
5        0     0 0.871 0.129
6    0.894 0.091     0 0.015
7    0.075  0.04 0.867 0.019
8        0     0     0 0.999
9    0.029  0.97     0     0
10   0.999     0     0     0
11   0.021  0.29 0.077 0.612
12    0.25  0.37 0.195 0.185
13   0.264 0.264 0.292  0.18
XX
CC  program: tab
CC  matrix.nb: 1
CC  matrix.nb: 1
CC  consensus.strict: ggatgagtcatcg
CC  consensus.strict.rc: CGATGACTCATCC
CC  consensus.IUPAC: kkrtgagtcaymv
CC  consensus.IUPAC.rc: BKRTGACTCAYMM
CC  consensus.regexp: [gt][gt][ag]tgagtca[ct][ac][acg]
CC  consensus.regexp.rc: [CGT][GT][AG]TGACTCA[CT][AC][AC]
XX
//
AC  JUND_primary_parsed.tab_1
XX
ID  JUND_primary
XX
DE  krtgmgtcat
P0       A     C     G     T
1    0.237 0.119 0.323  0.32
2    0.607 0.095 0.256 0.042
3    0.014  0.02  0.03 0.936
4    0.041 0.032 0.889 0.038
5    0.638 0.319 0.015 0.027
6    0.075 0.073 0.816 0.036
7    0.016 0.014 0.019 0.951
8    0.075 0.888 0.013 0.024
9    0.938 0.014 0.034 0.014
10   0.017 0.212  0.07 0.701
XX
CC  program: tab
CC  matrix.nb: 1
CC  matrix.nb: 1
CC  consensus.strict: gatgagtcat
CC  consensus.strict.rc: ATGACTCATC
CC  consensus.IUPAC: krtgmgtcat
CC  consensus.IUPAC.rc: ATGACKCAYM
CC  consensus.regexp: [gt][ag]tg[ac]gtcat
CC  consensus.regexp.rc: ATGAC[GT]CA[CT][AC]
XX
//
AC  JUN_FOSB_primary_parsed.tab_1
XX
ID  JUN_FOSB_primary
XX
DE  krtgactcay
P0       A     C     G     T
1    0.186 0.192 0.328 0.293
2    0.572 0.116 0.282  0.03
3    0.001 0.001 0.001 0.997
4    0.001 0.001  0.94 0.058
5    0.997 0.001 0.001 0.001
6    0.034  0.71 0.122 0.134
7     0.06 0.001 0.192 0.747
8    0.238  0.75 0.002 0.009
9    0.986 0.002 0.011 0.001
10   0.087 0.292 0.147 0.473
XX
CC  program: tab
CC  matrix.nb: 1
CC  matrix.nb: 1
CC  consensus.strict: gatgactcat
CC  consensus.strict.rc: ATGAGTCATC
CC  consensus.IUPAC: krtgactcay
CC  consensus.IUPAC.rc: RTGAGTCAYM
CC  consensus.regexp: [gt][ag]tgactca[ct]
CC  consensus.regexp.rc: [AG]TGAGTCA[CT][AC]
XX
//
AC  JUN_FOSB_secondary_parsed.tab_1
XX
ID  JUN_FOSB_secondary
XX
DE  gatgacgtcay
P0       A     C     G     T
1    0.193  0.07 0.575 0.162
2    0.649 0.087 0.216 0.048
3    0.012  0.01 0.012 0.965
4    0.017  0.01 0.872   0.1
5    0.954 0.008 0.017  0.02
6    0.048 0.886 0.025 0.042
7    0.075 0.014 0.897 0.014
8    0.025 0.057 0.014 0.904
9    0.247 0.697  0.02 0.036
10   0.949 0.016 0.014 0.021
11   0.092 0.261 0.053 0.593
XX
CC  program: tab
CC  matrix.nb: 1
CC  matrix.nb: 1
CC  consensus.strict: gatgacgtcat
CC  consensus.strict.rc: ATGACGTCATC
CC  consensus.IUPAC: gatgacgtcay
CC  consensus.IUPAC.rc: RTGACGTCATC
CC  consensus.regexp: gatgacgtca[ct]
CC  consensus.regexp.rc: [AG]TGACGTCATC
XX
//
AC  JUN_FOSL1_primary_parsed.tab_1
XX
ID  JUN_FOSL1_primary
XX
DE  kkrtgactcatmm
P0       A     C     G     T
1    0.208 0.246 0.253 0.293
2    0.172 0.159  0.38 0.289
3    0.602 0.089 0.283 0.026
4    0.001 0.002 0.001 0.996
5    0.003 0.002 0.957 0.038
6    0.994 0.002 0.002 0.003
7    0.026 0.826 0.051 0.097
8    0.033 0.002  0.14 0.826
9    0.159 0.835 0.002 0.004
10   0.984 0.004 0.009 0.004
11   0.057 0.245 0.119 0.579
12   0.296 0.308 0.173 0.223
13   0.277 0.289 0.237 0.196
XX
CC  program: tab
CC  matrix.nb: 1
CC  matrix.nb: 1
CC  consensus.strict: tgatgactcatcc
CC  consensus.strict.rc: GGATGAGTCATCA
CC  consensus.IUPAC: kkrtgactcatmm
CC  consensus.IUPAC.rc: KKATGAGTCAYMM
CC  consensus.regexp: [gt][gt][ag]tgactcat[ac][ac]
CC  consensus.regexp.rc: [GT][GT]ATGAGTCA[CT][AC][AC]
XX
//
AC  JUN_FOSL1_secondary_parsed.tab_1
XX
ID  JUN_FOSL1_secondary
XX
DE  rtgacgtcay
P0       A     C     G     T
1    0.639 0.069 0.266 0.026
2    0.028  0.03 0.024 0.919
3    0.033 0.056 0.672  0.24
4    0.825 0.026 0.106 0.043
5    0.022 0.845 0.038 0.095
6    0.093 0.036 0.847 0.024
7    0.041 0.105 0.027 0.827
8    0.238  0.67 0.058 0.035
9    0.917 0.022 0.031  0.03
10   0.024 0.264 0.071 0.641
XX
CC  program: tab
CC  matrix.nb: 1
CC  matrix.nb: 1
CC  consensus.strict: atgacgtcat
CC  consensus.strict.rc: ATGACGTCAT
CC  consensus.IUPAC: rtgacgtcay
CC  consensus.IUPAC.rc: RTGACGTCAY
CC  consensus.regexp: [ag]tgacgtca[ct]
CC  consensus.regexp.rc: [AG]TGACGTCA[CT]
XX
//
AC  JUN_FOSL2_primary_parsed.tab_1
XX
ID  JUN_FOSL2_primary
XX
DE  kkrtgagtcaym
P0       A     C     G     T
1    0.189 0.248 0.295 0.268
2    0.214 0.179 0.338 0.269
3    0.542 0.121 0.282 0.055
4    0.001 0.001 0.001 0.998
5    0.001 0.001  0.84 0.158
6    0.847 0.123 0.001 0.029
7    0.103 0.141 0.698 0.058
8    0.001 0.001 0.001 0.998
9     0.02 0.979 0.001 0.001
10   0.998     0 0.001 0.001
11   0.019 0.299 0.093 0.589
12   0.269 0.341  0.18 0.209
XX
CC  program: tab
CC  matrix.nb: 1
CC  matrix.nb: 1
CC  consensus.strict: ggatgagtcatc
CC  consensus.strict.rc: GATGACTCATCC
CC  consensus.IUPAC: kkrtgagtcaym
CC  consensus.IUPAC.rc: KRTGACTCAYMM
CC  consensus.regexp: [gt][gt][ag]tgagtca[ct][ac]
CC  consensus.regexp.rc: [GT][AG]TGACTCA[CT][AC][AC]
XX
//
AC  JUN_FOSL2_secondary_parsed.tab_1
XX
ID  JUN_FOSL2_secondary
XX
DE  grtgacgtmat
P0       A     C     G     T
1    0.222 0.094 0.459 0.224
2    0.633  0.03 0.323 0.015
3    0.006 0.008 0.008 0.978
4    0.007 0.014 0.917 0.062
5    0.963 0.006 0.009 0.023
6    0.011 0.906 0.022 0.061
7    0.092 0.045 0.845 0.017
8    0.014  0.07 0.009 0.908
9    0.351 0.625 0.016 0.008
10   0.961  0.01 0.013 0.015
11   0.038 0.218 0.166 0.578
XX
CC  program: tab
CC  matrix.nb: 1
CC  matrix.nb: 1
CC  consensus.strict: gatgacgtcat
CC  consensus.strict.rc: ATGACGTCATC
CC  consensus.IUPAC: grtgacgtmat
CC  consensus.IUPAC.rc: ATKACGTCAYC
CC  consensus.regexp: g[ag]tgacgt[ac]at
CC  consensus.regexp.rc: AT[GT]ACGTCA[CT]C
XX
//
AC  JUN_FOS_secondary_parsed.tab_1
XX
ID  JUN_FOS_secondary
XX
DE  drtgacgtcatmmkty
P0       A     C     G     T
1    0.266 0.063 0.419 0.252
2    0.556 0.045 0.369  0.03
3    0.047 0.074 0.062 0.816
4    0.042 0.112 0.655 0.191
5    0.748 0.031 0.135 0.086
6     0.08 0.838 0.041 0.041
7    0.131 0.114 0.722 0.034
8     0.04 0.023 0.032 0.905
9    0.053 0.846 0.044 0.057
10   0.907 0.024 0.036 0.033
11    0.03 0.234  0.06 0.676
12   0.299 0.322  0.16  0.22
13   0.322 0.313 0.161 0.204
14    0.19 0.178 0.261 0.371
15   0.161 0.075 0.238 0.526
16   0.203 0.291 0.207 0.298
XX
CC  program: tab
CC  matrix.nb: 1
CC  matrix.nb: 1
CC  consensus.strict: gatgacgtcatcattt
CC  consensus.strict.rc: AAATGATGACGTCATC
CC  consensus.IUPAC: drtgacgtcatmmkty
CC  consensus.IUPAC.rc: RAMKKATGACGTCAYH
CC  consensus.regexp: [agt][ag]tgacgtcat[ac][ac][gt]t[ct]
CC  consensus.regexp.rc: [AG]A[AC][GT][GT]ATGACGTCA[CT][ACT]
XX
//
AC  JUN_JUNB_primary_parsed.tab_1
XX
ID  JUN_JUNB_primary
XX
DE  katgackcat
P0       A     C     G     T
1    0.203 0.128 0.408 0.261
2    0.627 0.134 0.189  0.05
3    0.011  0.01 0.034 0.946
4     0.01 0.021 0.921 0.047
5    0.944  0.01 0.028 0.018
6    0.027 0.826 0.115 0.033
7    0.058 0.024 0.353 0.565
8    0.161 0.707  0.01 0.122
9    0.931 0.024 0.018 0.027
10   0.188 0.248 0.064   0.5
XX
CC  program: tab
CC  matrix.nb: 1
CC  matrix.nb: 1
CC  consensus.strict: gatgactcat
CC  consensus.strict.rc: ATGAGTCATC
CC  consensus.IUPAC: katgackcat
CC  consensus.IUPAC.rc: ATGMGTCATM
CC  consensus.regexp: [gt]atgac[gt]cat
CC  consensus.regexp.rc: ATG[AC]GTCAT[AC]
XX
//
AC  JUN_JUNB_secondary_parsed.tab_1
XX
ID  JUN_JUNB_secondary
XX
DE  krtgacgtcatb
P0       A     C     G     T
1    0.054 0.132 0.358 0.457
2    0.376 0.108 0.486  0.03
3    0.058 0.043 0.025 0.875
4    0.051 0.028 0.703 0.218
5    0.787 0.022 0.063 0.129
6    0.023 0.862 0.047 0.068
7    0.055 0.036 0.867 0.042
8     0.03 0.027  0.04 0.903
9    0.091 0.834 0.035  0.04
10   0.919 0.019 0.035 0.026
11   0.033 0.125  0.13 0.712
12   0.212 0.254 0.255 0.278
XX
CC  program: tab
CC  matrix.nb: 1
CC  matrix.nb: 1
CC  consensus.strict: tgtgacgtcatt
CC  consensus.strict.rc: AATGACGTCACA
CC  consensus.IUPAC: krtgacgtcatb
CC  consensus.IUPAC.rc: VATGACGTCAYM
CC  consensus.regexp: [gt][ag]tgacgtcat[cgt]
CC  consensus.regexp.rc: [ACG]ATGACGTCA[CT][AC]
XX
//
AC  JUN_primary_parsed.tab_1
XX
ID  JUN_primary
XX
DE  katgmgtcatc
P0       A     C     G     T
1    0.135   0.2 0.309 0.356
2    0.841 0.023 0.116  0.02
3    0.008 0.005 0.011 0.976
4    0.016 0.006 0.927 0.051
5    0.679 0.303 0.007 0.011
6    0.019 0.026 0.939 0.016
7    0.007 0.008 0.009 0.976
8    0.017 0.963 0.009 0.011
9    0.976 0.006 0.008 0.009
10   0.021 0.202 0.068 0.708
11     0.2 0.439 0.191  0.17
XX
CC  program: tab
CC  matrix.nb: 1
CC  matrix.nb: 1
CC  consensus.strict: tatgagtcatc
CC  consensus.strict.rc: GATGACTCATA
CC  consensus.IUPAC: katgmgtcatc
CC  consensus.IUPAC.rc: GATGACKCATM
CC  consensus.regexp: [gt]atg[ac]gtcatc
CC  consensus.regexp.rc: GATGAC[GT]CAT[AC]
XX
//
AC  JUN_secondary_parsed.tab_1
XX
ID  JUN_secondary
XX
DE  atrkatgacgtmatmsk
P0       A     C     G     T
1    0.368 0.244 0.183 0.206
2    0.222 0.167 0.203 0.407
3    0.299 0.152 0.309  0.24
4    0.152 0.067 0.476 0.306
5    0.731 0.038 0.211  0.02
6    0.017 0.024 0.017 0.942
7     0.02 0.013 0.878  0.09
8    0.932 0.018 0.023 0.026
9    0.032 0.913 0.027 0.028
10   0.055 0.052 0.805 0.088
11   0.058 0.144 0.014 0.784
12   0.261 0.682 0.014 0.042
13   0.913 0.018 0.023 0.046
14   0.133 0.194 0.115 0.558
15   0.258 0.337 0.175  0.23
16   0.234 0.383  0.29 0.093
17    0.17 0.185 0.313 0.332
XX
CC  program: tab
CC  matrix.nb: 1
CC  matrix.nb: 1
CC  consensus.strict: atggatgacgtcatcct
CC  consensus.strict.rc: AGGATGACGTCATCCAT
CC  consensus.IUPAC: atrkatgacgtmatmsk
CC  consensus.IUPAC.rc: MSKATKACGTCATMYAT
CC  consensus.regexp: at[ag][gt]atgacgt[ac]at[ac][cg][gt]
CC  consensus.regexp.rc: [AC][CG][GT]AT[GT]ACGTCAT[AC][CT]AT
XX
//
AC  LHX6_parsed.tab_1
XX
ID  LHX6
XX
DE  rytrattr
P0       A     C     G     T
1    0.347 0.228 0.275 0.149
2    0.106 0.332 0.102  0.46
3    0.001 0.001     0 0.998
4    0.629 0.002 0.369 0.001
5    0.999     0     0 0.001
6        0     0     0 0.999
7    0.001 0.002 0.005 0.993
8    0.705     0 0.293 0.002
XX
CC  program: tab
CC  matrix.nb: 1
CC  matrix.nb: 1
CC  consensus.strict: attaatta
CC  consensus.strict.rc: TAATTAAT
CC  consensus.IUPAC: rytrattr
CC  consensus.IUPAC.rc: YAATYARY
CC  consensus.regexp: [ag][ct]t[ag]att[ag]
CC  consensus.regexp.rc: [CT]AAT[CT]A[AG][CT]
XX
//
AC  MYF6_parsed.tab_1
XX
ID  MYF6
XX
DE  yaacagktgwy
P0       A     C     G     T
1    0.057 0.295 0.246 0.402
2    0.662 0.078 0.202 0.059
3    0.725 0.138 0.083 0.054
4    0.026 0.912 0.023 0.039
5    0.872 0.043 0.054 0.031
6    0.066 0.076 0.635 0.222
7    0.163 0.167 0.257 0.414
8    0.023 0.043 0.031 0.903
9    0.056 0.026 0.892 0.025
10   0.326  0.16 0.172 0.342
11   0.111 0.314 0.112 0.463
XX
CC  program: tab
CC  matrix.nb: 1
CC  matrix.nb: 1
CC  consensus.strict: taacagttgtt
CC  consensus.strict.rc: AACAACTGTTA
CC  consensus.IUPAC: yaacagktgwy
CC  consensus.IUPAC.rc: RWCAMCTGTTR
CC  consensus.regexp: [ct]aacag[gt]tg[at][ct]
CC  consensus.regexp.rc: [AG][AT]CA[AC]CTGTT[AG]
XX
//
AC  NFKB1_parsed.tab_1
XX
ID  NFKB1
XX
DE  rggkrmttycccy
P0       A     C     G     T
1    0.279 0.219 0.329 0.174
2    0.028 0.035 0.909 0.029
3    0.004 0.005 0.981  0.01
4    0.015 0.011 0.649 0.325
5    0.386 0.012 0.485 0.118
6    0.303 0.307 0.188 0.202
7    0.172 0.073 0.081 0.674
8    0.059   0.2 0.136 0.606
9    0.085  0.52 0.021 0.375
10    0.18 0.776 0.007 0.037
11   0.011 0.979 0.004 0.006
12   0.069 0.834 0.053 0.045
13    0.15 0.319  0.24 0.292
XX
CC  program: tab
CC  matrix.nb: 1
CC  matrix.nb: 1
CC  consensus.strict: gggggcttccccc
CC  consensus.strict.rc: GGGGGAAGCCCCC
CC  consensus.IUPAC: rggkrmttycccy
CC  consensus.IUPAC.rc: RGGGRAAKYMCCY
CC  consensus.regexp: [ag]gg[gt][ag][ac]tt[ct]ccc[ct]
CC  consensus.regexp.rc: [AG]GGG[AG]AA[GT][CT][AC]CC[CT]
XX
//
AC  NR1H4_RXRa_2_parsed.tab_1
XX
ID  NR1H4_RXRa_2
XX
DE  grgktcattgaccyy
P0       A     C     G     T
1    0.223 0.172 0.451 0.154
2    0.653 0.055  0.28 0.011
3    0.029 0.015 0.937 0.019
4    0.022 0.009 0.646 0.324
5    0.024 0.049 0.101 0.826
6    0.011 0.875 0.013   0.1
7     0.72 0.013 0.249 0.017
8    0.144 0.121 0.075  0.66
9    0.023 0.092 0.048 0.838
10   0.108 0.102 0.753 0.037
11   0.763 0.112 0.078 0.048
12   0.134 0.773 0.009 0.083
13   0.113 0.798 0.038 0.051
14   0.025 0.383 0.071 0.521
15   0.095 0.313 0.212  0.38
XX
CC  program: tab
CC  matrix.nb: 1
CC  matrix.nb: 1
CC  consensus.strict: gaggtcattgacctt
CC  consensus.strict.rc: AAGGTCAATGACCTC
CC  consensus.IUPAC: grgktcattgaccyy
CC  consensus.IUPAC.rc: RRGGTCAATGAMCYC
CC  consensus.regexp: g[ag]g[gt]tcattgacc[ct][ct]
CC  consensus.regexp.rc: [AG][AG]GGTCAATGA[AC]C[CT]C
XX
//
AC  NR1H4_RXRa_parsed.tab_1
XX
ID  NR1H4_RXRa
XX
DE  grggtcaarggky
P0       A     C     G     T
1    0.222 0.126 0.485 0.166
2    0.346 0.054 0.507 0.093
3    0.092 0.091 0.748 0.069
4    0.035 0.059 0.734 0.172
5    0.037 0.052 0.057 0.853
6    0.092 0.616 0.136 0.156
7    0.834 0.029  0.11 0.027
8    0.495 0.114 0.241  0.15
9    0.527 0.042 0.379 0.052
10   0.119 0.038 0.712  0.13
11   0.107 0.059 0.655 0.179
12   0.107 0.055 0.292 0.545
13   0.083  0.34 0.246 0.331
XX
CC  program: tab
CC  matrix.nb: 1
CC  matrix.nb: 1
CC  consensus.strict: ggggtcaaaggtc
CC  consensus.strict.rc: GACCTTTGACCCC
CC  consensus.IUPAC: grggtcaarggky
CC  consensus.IUPAC.rc: RMCCYTTGACCYC
CC  consensus.regexp: g[ag]ggtcaa[ag]gg[gt][ct]
CC  consensus.regexp.rc: [AG][AC]CC[CT]TTGACC[CT]C
XX
//
AC  NR4A2_parsed.tab_1
XX
ID  NR4A2
XX
DE  waaakgtca
P0       A     C     G     T
1    0.295 0.182 0.168 0.355
2    0.775 0.009 0.074 0.141
3    0.889 0.011 0.019 0.081
4    0.949 0.012 0.028 0.011
5    0.024 0.005 0.709 0.263
6    0.049 0.007  0.87 0.074
7    0.016 0.058 0.107 0.818
8    0.027 0.667 0.068 0.239
9    0.831 0.011 0.127 0.032
XX
CC  program: tab
CC  matrix.nb: 1
CC  matrix.nb: 1
CC  consensus.strict: taaaggtca
CC  consensus.strict.rc: TGACCTTTA
CC  consensus.IUPAC: waaakgtca
CC  consensus.IUPAC.rc: TGACMTTTW
CC  consensus.regexp: [at]aaa[gt]gtca
CC  consensus.regexp.rc: TGAC[AC]TTT[AT]
XX
//
AC  OCT4_parsed.tab_1
XX
ID  OCT4
XX
DE  aattwrcataww
P0       A     C     G     T
1     0.43 0.247 0.136 0.188
2    0.743  0.08 0.043 0.134
3    0.021 0.007 0.002  0.97
4    0.124  0.13 0.019 0.727
5    0.395  0.01 0.001 0.594
6    0.369 0.091 0.514 0.025
7    0.097 0.901 0.001 0.001
8    0.992 0.001 0.005 0.002
9    0.017 0.014 0.001 0.968
10   0.741 0.047 0.083 0.129
11    0.38 0.206 0.097 0.318
12   0.268 0.188 0.196 0.348
XX
CC  program: tab
CC  matrix.nb: 1
CC  matrix.nb: 1
CC  consensus.strict: aatttgcataat
CC  consensus.strict.rc: ATTATGCAAATT
CC  consensus.IUPAC: aattwrcataww
CC  consensus.IUPAC.rc: WWTATGYWAATT
CC  consensus.regexp: aatt[at][ag]cata[at][at]
CC  consensus.regexp.rc: [AT][AT]TATG[CT][AT]AATT
XX
//
AC  PAX7_parsed.tab_1
XX
ID  PAX7
XX
DE  aascgtrackaat
P0       A     C     G     T
1     0.41 0.174 0.213 0.202
2    0.541 0.101   0.2 0.159
3    0.015 0.522 0.454 0.009
4    0.002 0.842 0.005  0.15
5    0.196 0.009 0.771 0.024
6    0.033 0.026 0.112 0.829
7    0.332  0.01 0.634 0.024
8    0.775 0.015 0.069 0.141
9     0.03 0.962 0.001 0.007
10   0.082 0.108 0.357 0.453
11   0.937 0.006 0.051 0.006
12   0.981 0.001 0.008  0.01
13   0.054 0.036 0.013 0.897
XX
CC  program: tab
CC  matrix.nb: 1
CC  matrix.nb: 1
CC  consensus.strict: aaccgtgactaat
CC  consensus.strict.rc: ATTAGTCACGGTT
CC  consensus.IUPAC: aascgtrackaat
CC  consensus.IUPAC.rc: ATTMGTYACGSTT
CC  consensus.regexp: aa[cg]cgt[ag]ac[gt]aat
CC  consensus.regexp.rc: ATT[AC]GT[CT]ACG[CG]TT
XX
//
AC  PPARa_RXRa_parsed.tab_1
XX
ID  PPARa_RXRa
XX
DE  awgtrggtcaaaggtcat
P0       A     C     G     T
1    0.548  0.14 0.108 0.204
2    0.431 0.073  0.06 0.437
3    0.247 0.211 0.332  0.21
4    0.061 0.094 0.238 0.608
5    0.492 0.095  0.37 0.042
6    0.068 0.019 0.843 0.071
7     0.08 0.015 0.856 0.049
8    0.042 0.157 0.245 0.556
9    0.131 0.445 0.201 0.223
10   0.887 0.016 0.067  0.03
11   0.669 0.024 0.208 0.099
12   0.807 0.025 0.143 0.025
13   0.111 0.016 0.862 0.011
14   0.018 0.014 0.784 0.184
15   0.017 0.049 0.115 0.818
16    0.09 0.598 0.146 0.166
17   0.689 0.037  0.23 0.043
18   0.222 0.237 0.243 0.298
XX
CC  program: tab
CC  matrix.nb: 1
CC  matrix.nb: 1
CC  consensus.strict: atgtaggtcaaaggtcat
CC  consensus.strict.rc: ATGACCTTTGACCTACAT
CC  consensus.IUPAC: awgtrggtcaaaggtcat
CC  consensus.IUPAC.rc: ATGACCTTTGACCYACWT
CC  consensus.regexp: a[at]gt[ag]ggtcaaaggtcat
CC  consensus.regexp.rc: ATGACCTTTGACC[CT]AC[AT]T
XX
//
AC  PPARg_parsed.tab_1
XX
ID  PPARg
XX
DE  awstrggtyast
P0       A     C     G     T
1    0.495 0.144 0.115 0.246
2    0.483 0.041 0.066  0.41
3    0.201 0.267 0.299 0.233
4    0.063 0.093 0.151 0.692
5    0.492 0.032 0.447 0.029
6    0.032 0.016 0.841  0.11
7    0.041 0.037 0.853 0.069
8    0.061 0.113  0.24 0.586
9    0.097 0.505 0.104 0.293
10   0.855 0.024 0.041  0.08
11   0.209 0.332  0.26 0.199
12   0.112 0.206 0.217 0.465
XX
CC  program: tab
CC  matrix.nb: 1
CC  matrix.nb: 1
CC  consensus.strict: aagtaggtcact
CC  consensus.strict.rc: AGTGACCTACTT
CC  consensus.IUPAC: awstrggtyast
CC  consensus.IUPAC.rc: ASTRACCYASWT
CC  consensus.regexp: a[at][cg]t[ag]ggt[ct]a[cg]t
CC  consensus.regexp.rc: A[CG]T[AG]ACC[CT]A[CG][AT]T
XX
//
AC  PPARg_RXRa_parsed.tab_1
XX
ID  PPARg_RXRa
XX
DE  mrrggkyaawrggtcac
P0       A     C     G     T
1    0.287 0.251 0.248 0.214
2    0.314 0.136 0.301 0.248
3    0.455 0.094 0.335 0.116
4    0.041 0.011 0.922 0.025
5    0.023  0.01 0.827  0.14
6    0.047 0.088 0.261 0.604
7    0.097  0.56 0.081 0.262
8    0.903 0.022 0.014  0.06
9    0.503 0.202  0.14 0.155
10     0.4 0.071 0.175 0.354
11   0.615 0.053 0.295 0.036
12   0.051 0.029 0.885 0.035
13   0.015 0.016 0.809  0.16
14   0.065 0.079 0.209 0.647
15   0.049 0.715 0.102 0.134
16   0.739 0.015 0.197  0.05
17   0.206 0.336 0.249 0.209
XX
CC  program: tab
CC  matrix.nb: 1
CC  matrix.nb: 1
CC  consensus.strict: aaaggtcaaaaggtcac
CC  consensus.strict.rc: GTGACCTTTTGACCTTT
CC  consensus.IUPAC: mrrggkyaawrggtcac
CC  consensus.IUPAC.rc: GTGACCYWTTRMCCYYK
CC  consensus.regexp: [ac][ag][ag]gg[gt][ct]aa[at][ag]ggtcac
CC  consensus.regexp.rc: GTGACC[CT][AT]TT[AG][AC]CC[CT][CT][GT]
XX
//
AC  RARa_parsed.tab_1
XX
ID  RARa
XX
DE  raggtca
P0       A     C     G     T
1    0.485 0.086 0.303 0.127
2    0.769 0.014 0.216 0.001
3    0.001 0.001 0.997 0.002
4    0.001 0.001   0.8 0.199
5    0.003 0.003 0.025  0.97
6    0.002 0.954 0.006 0.039
7    0.973 0.001 0.026 0.001
XX
CC  program: tab
CC  matrix.nb: 1
CC  matrix.nb: 1
CC  consensus.strict: aaggtca
CC  consensus.strict.rc: TGACCTT
CC  consensus.IUPAC: raggtca
CC  consensus.IUPAC.rc: TGACCTY
CC  consensus.regexp: [ag]aggtca
CC  consensus.regexp.rc: TGACCT[CT]
XX
//
AC  RARa_RXRg_parsed.tab_1
XX
ID  RARa_RXRg
XX
DE  rrggtcawgkarrggtca
P0       A     C     G     T
1    0.345 0.113 0.413 0.129
2    0.496 0.038  0.46 0.006
3    0.013 0.003 0.954  0.03
4    0.011 0.003 0.828 0.158
5    0.005 0.015 0.071 0.909
6    0.018 0.831 0.058 0.093
7    0.874 0.005 0.111  0.01
8    0.272 0.239 0.154 0.334
9    0.215 0.249  0.32 0.215
10   0.211 0.212 0.272 0.305
11   0.344 0.199 0.231 0.227
12   0.348 0.133 0.397 0.121
13   0.495  0.09  0.39 0.025
14   0.026 0.004 0.927 0.043
15   0.012 0.005 0.815 0.169
16    0.06 0.112 0.226 0.601
17   0.073 0.696 0.097 0.135
18   0.702 0.053 0.206  0.04
XX
CC  program: tab
CC  matrix.nb: 1
CC  matrix.nb: 1
CC  consensus.strict: gaggtcatgtagaggtca
CC  consensus.strict.rc: TGACCTCTACATGACCTC
CC  consensus.IUPAC: rrggtcawgkarrggtca
CC  consensus.IUPAC.rc: TGACCYYTMCWTGACCYY
CC  consensus.regexp: [ag][ag]ggtca[at]g[gt]a[ag][ag]ggtca
CC  consensus.regexp.rc: TGACC[CT][CT]T[AC]C[AT]TGACC[CT][CT]
XX
//
AC  RORb_parsed.tab_1
XX
ID  RORb
XX
DE  awttrggtcay
P0       A     C     G     T
1    0.785 0.014 0.029 0.172
2    0.526 0.026 0.024 0.425
3    0.233 0.162 0.201 0.403
4    0.053 0.165 0.235 0.547
5    0.602 0.014 0.358 0.026
6    0.016 0.025 0.907 0.052
7    0.032 0.013 0.928 0.027
8    0.028 0.146  0.05 0.776
9    0.047 0.781 0.017 0.155
10   0.896 0.015 0.063 0.026
11   0.205 0.326 0.145 0.324
XX
CC  program: tab
CC  matrix.nb: 1
CC  matrix.nb: 1
CC  consensus.strict: aattaggtcac
CC  consensus.strict.rc: GTGACCTAATT
CC  consensus.IUPAC: awttrggtcay
CC  consensus.IUPAC.rc: RTGACCYAAWT
CC  consensus.regexp: a[at]tt[ag]ggtca[ct]
CC  consensus.regexp.rc: [AG]TGACC[CT]AA[AT]T
XX
//
AC  RORc_parsed.tab_1
XX
ID  RORc
XX
DE  dwawgtrggtca
P0       A     C     G     T
1    0.306 0.179  0.26 0.255
2    0.329 0.114 0.141 0.416
3    0.855 0.014 0.011  0.12
4    0.527  0.01 0.032 0.431
5    0.225 0.249 0.277 0.249
6    0.043 0.087 0.116 0.753
7    0.623 0.024 0.343 0.011
8    0.005 0.002 0.919 0.074
9    0.036 0.003 0.952 0.008
10   0.059 0.112 0.168 0.661
11   0.006 0.822 0.019 0.153
12   0.785 0.012 0.161 0.042
XX
CC  program: tab
CC  matrix.nb: 1
CC  matrix.nb: 1
CC  consensus.strict: ataagtaggtca
CC  consensus.strict.rc: TGACCTACTTAT
CC  consensus.IUPAC: dwawgtrggtca
CC  consensus.IUPAC.rc: TGACCYACWTWH
CC  consensus.regexp: [agt][at]a[at]gt[ag]ggtca
CC  consensus.regexp.rc: TGACC[CT]AC[AT]T[AT][ACT]
XX
//
AC  RXRa_parsed.tab_1
XX
ID  RXRa
XX
DE  rrggtca
P0       A     C     G     T
1     0.45 0.107 0.315 0.128
2    0.711 0.017 0.272 0.001
3    0.001 0.001 0.998 0.001
4    0.001 0.001 0.795 0.204
5    0.001 0.002 0.011 0.985
6    0.001 0.982 0.002 0.015
7    0.993 0.001 0.005 0.001
XX
CC  program: tab
CC  matrix.nb: 1
CC  matrix.nb: 1
CC  consensus.strict: aaggtca
CC  consensus.strict.rc: TGACCTT
CC  consensus.IUPAC: rrggtca
CC  consensus.IUPAC.rc: TGACCYY
CC  consensus.regexp: [ag][ag]ggtca
CC  consensus.regexp.rc: TGACC[CT][CT]
XX
//
AC  RXRg_parsed.tab_1
XX
ID  RXRg
XX
DE  rggtcaarggtyrwr
P0       A     C     G     T
1    0.448  0.06 0.431 0.061
2    0.087 0.056 0.808 0.048
3    0.068 0.031  0.74 0.161
4    0.047 0.135 0.104 0.713
5    0.116 0.516 0.213 0.154
6    0.827 0.049 0.044  0.08
7    0.661  0.11 0.123 0.106
8    0.613 0.028 0.343 0.016
9    0.114 0.018 0.786 0.081
10   0.059 0.016 0.758 0.168
11   0.024 0.062 0.111 0.803
12   0.054 0.469 0.173 0.305
13   0.672 0.038 0.263 0.027
14   0.306 0.213  0.21  0.27
15   0.399 0.092 0.293 0.216
XX
CC  program: tab
CC  matrix.nb: 1
CC  matrix.nb: 1
CC  consensus.strict: aggtcaaaggtcaaa
CC  consensus.strict.rc: TTTGACCTTTGACCT
CC  consensus.IUPAC: rggtcaarggtyrwr
CC  consensus.IUPAC.rc: YWYRACCYTTGACCY
CC  consensus.regexp: [ag]ggtcaa[ag]ggt[ct][ag][at][ag]
CC  consensus.regexp.rc: [CT][AT][CT][AG]ACC[CT]TTGACC[CT]
XX
//
AC  SOX10_parsed.tab_1
XX
ID  SOX10
XX
DE  waacaawgrm
P0       A     C     G     T
1    0.378 0.048 0.172 0.402
2    0.682  0.16 0.063 0.096
3    0.833 0.039 0.035 0.093
4    0.081 0.817  0.04 0.062
5    0.883 0.026 0.037 0.054
6    0.655 0.062 0.049 0.233
7    0.385 0.024 0.035 0.556
8    0.113 0.106 0.671  0.11
9    0.334 0.214 0.377 0.075
10    0.42 0.319 0.147 0.114
XX
CC  program: tab
CC  matrix.nb: 1
CC  matrix.nb: 1
CC  consensus.strict: taacaatgga
CC  consensus.strict.rc: TCCATTGTTA
CC  consensus.IUPAC: waacaawgrm
CC  consensus.IUPAC.rc: KYCWTTGTTW
CC  consensus.regexp: [at]aacaa[at]g[ag][ac]
CC  consensus.regexp.rc: [GT][CT]C[AT]TTGTT[AT]
XX
//
AC  SOX15_parsed.tab_1
XX
ID  SOX15
XX
DE  yywttgttyt
P0       A     C     G     T
1    0.032 0.554 0.147 0.267
2    0.062 0.412 0.026 0.501
3    0.631 0.003 0.005 0.362
4    0.003 0.003 0.006 0.988
5    0.003 0.002 0.002 0.994
6    0.083 0.021  0.89 0.005
7    0.024 0.002 0.003 0.971
8     0.18 0.188 0.125 0.506
9    0.215 0.253 0.114 0.418
10   0.241 0.188 0.165 0.407
XX
CC  program: tab
CC  matrix.nb: 1
CC  matrix.nb: 1
CC  consensus.strict: ctattgtttt
CC  consensus.strict.rc: AAAACAATAG
CC  consensus.IUPAC: yywttgttyt
CC  consensus.IUPAC.rc: ARAACAAWRR
CC  consensus.regexp: [ct][ct][at]ttgtt[ct]t
CC  consensus.regexp.rc: A[AG]AACAA[AT][AG][AG]
XX
//
AC  SOX17_parsed.tab_1
XX
ID  SOX17
XX
DE  raacaatrgr
P0       A     C     G     T
1    0.457 0.063 0.277 0.202
2    0.595 0.095 0.195 0.115
3    0.997 0.001 0.001 0.002
4    0.001 0.994 0.003 0.003
5    0.997 0.001 0.001 0.001
6    0.997 0.001 0.001 0.001
7    0.037 0.001 0.001  0.96
8    0.356 0.079 0.455 0.111
9     0.21 0.182 0.538 0.069
10   0.357 0.205 0.261 0.178
XX
CC  program: tab
CC  matrix.nb: 1
CC  matrix.nb: 1
CC  consensus.strict: aaacaatgga
CC  consensus.strict.rc: TCCATTGTTT
CC  consensus.IUPAC: raacaatrgr
CC  consensus.IUPAC.rc: YCYATTGTTY
CC  consensus.regexp: [ag]aacaat[ag]g[ag]
CC  consensus.regexp.rc: [CT]C[CT]ATTGTT[CT]
XX
//
AC  SOX2_parsed.tab_1
XX
ID  SOX2
XX
DE  aacaawrgra
P0       A     C     G     T
1    0.529 0.144 0.186 0.142
2    0.993 0.001 0.001 0.005
3    0.001 0.915 0.003 0.081
4    0.996 0.001 0.001 0.002
5    0.996 0.001 0.001 0.001
6    0.332 0.003 0.001 0.664
7     0.48 0.007  0.45 0.063
8    0.245 0.126 0.616 0.013
9    0.371 0.227 0.263 0.139
10   0.305 0.219 0.232 0.245
XX
CC  program: tab
CC  matrix.nb: 1
CC  matrix.nb: 1
CC  consensus.strict: aacaatagaa
CC  consensus.strict.rc: TTCTATTGTT
CC  consensus.IUPAC: aacaawrgra
CC  consensus.IUPAC.rc: TYCYWTTGTT
CC  consensus.regexp: aacaa[at][ag]g[ag]a
CC  consensus.regexp.rc: T[CT]C[CT][AT]TTGTT
XX
//
AC  SOX5_parsed.tab_1
XX
ID  SOX5
XX
DE  waacaatrrr
P0       A     C     G     T
1    0.396 0.076   0.2 0.328
2    0.619 0.147 0.167 0.067
3     0.97 0.011 0.008 0.011
4    0.007 0.902  0.02 0.071
5    0.977 0.006 0.008 0.008
6    0.972 0.007 0.007 0.014
7    0.076 0.014 0.009 0.901
8    0.441 0.033 0.377 0.149
9    0.256 0.188 0.443 0.113
10   0.303 0.179 0.285 0.233
XX
CC  program: tab
CC  matrix.nb: 1
CC  matrix.nb: 1
CC  consensus.strict: aaacaataga
CC  consensus.strict.rc: TCTATTGTTT
CC  consensus.IUPAC: waacaatrrr
CC  consensus.IUPAC.rc: YYYATTGTTW
CC  consensus.regexp: [at]aacaat[ag][ag][ag]
CC  consensus.regexp.rc: [CT][CT][CT]ATTGTT[AT]
XX
//
AC  SOX6_parsed.tab_1
XX
ID  SOX6
XX
DE  waacaatrgr
P0       A     C     G     T
1    0.424 0.108 0.186 0.283
2    0.604 0.093 0.196 0.108
3    0.998     0 0.001 0.001
4    0.001 0.985 0.001 0.014
5    0.998     0 0.001 0.001
6    0.998 0.001 0.001 0.001
7    0.065 0.001 0.001 0.933
8      0.5 0.029  0.36 0.111
9    0.204 0.201 0.559 0.037
10   0.352 0.213 0.253 0.181
XX
CC  program: tab
CC  matrix.nb: 1
CC  matrix.nb: 1
CC  consensus.strict: aaacaataga
CC  consensus.strict.rc: TCTATTGTTT
CC  consensus.IUPAC: waacaatrgr
CC  consensus.IUPAC.rc: YCYATTGTTW
CC  consensus.regexp: [at]aacaat[ag]g[ag]
CC  consensus.regexp.rc: [CT]C[CT]ATTGTT[AT]
XX
//
AC  TCF7_parsed.tab_1
XX
ID  TCF7
XX
DE  yyctttgatsttt
P0       A     C     G     T
1    0.162 0.318 0.186 0.334
2    0.152 0.385 0.183  0.28
3    0.032 0.663 0.194 0.111
4    0.068 0.036 0.015 0.881
5    0.025 0.031  0.03 0.914
6    0.037 0.004 0.009  0.95
7     0.03  0.06 0.867 0.043
8    0.929 0.008 0.007 0.057
9    0.199 0.014  0.01 0.777
10   0.047 0.497 0.432 0.024
11   0.138 0.104 0.061 0.698
12   0.231 0.198 0.204 0.367
13   0.227 0.222 0.235 0.316
XX
CC  program: tab
CC  matrix.nb: 1
CC  matrix.nb: 1
CC  consensus.strict: tcctttgatcttt
CC  consensus.strict.rc: AAAGATCAAAGGA
