AC  CTCF_parsed.tab_1
XX
ID  CTCF
XX
DE  wagggggcgstrkwgsg
P0       A     C     G     T
1    0.312  0.21 0.106 0.372
2    0.628  0.04 0.154 0.179
3    0.063  0.07 0.779 0.088
4    0.136 0.019 0.803 0.043
5    0.057 0.154 0.665 0.124
6    0.015  0.04 0.927 0.018
7    0.034 0.109 0.803 0.054
8    0.143 0.643 0.134 0.081
9    0.151 0.053 0.771 0.025
10    0.08 0.507 0.251 0.162
11   0.175 0.179 0.181 0.465
12   0.348 0.196 0.339 0.118
13   0.143 0.099 0.363 0.395
14   0.276 0.204 0.203 0.316
15   0.189 0.215 0.421 0.175
16   0.184 0.264 0.406 0.145
17   0.239 0.159 0.448 0.154
XX
CC  program: tab
CC  matrix.nb: 1
CC  matrix.nb: 1
CC  consensus.strict: tagggggcgctattggg
CC  consensus.strict.rc: CCCAATAGCGCCCCCTA
CC  consensus.IUPAC: wagggggcgstrkwgsg
CC  consensus.IUPAC.rc: CSCWMYASCGCCCCCTW
CC  consensus.regexp: [at]agggggcg[cg]t[ag][gt][at]g[cg]g
CC  consensus.regexp.rc: C[CG]C[AT][AC][CT]A[CG]CGCCCCCT[AT]
XX
//
AC  GATA3_parsed.tab_1
XX
ID  GATA3
XX
DE  sttatc
P0       A     C     G     T
1    0.189978 0.355273 0.272999 0.18175
2    0.148093 0.103216 0.064323 0.684368
3    0.171279     0     0 0.828721
4        1     0     0     0
5        0     0     0     1
6        0     1     0     0
XX
CC  program: tab
CC  matrix.nb: 1
CC  matrix.nb: 1
CC  consensus.strict: cttatc
CC  consensus.strict.rc: GATAAG
CC  consensus.IUPAC: sttatc
CC  consensus.IUPAC.rc: GATAAS
CC  consensus.regexp: [cg]ttatc
CC  consensus.regexp.rc: GATAA[CG]
XX
//
AC  GR_parsed.tab_1
XX
ID  GR
XX
DE  rgdacatyttgtwcy
P0       A     C     G     T
1    0.372881 0.084746 0.364407 0.177966
2    0.090395 0.022599 0.751412 0.135593
3    0.251412 0.059322 0.259887 0.429379
4    0.884181     0 0.033898 0.081921
5        0     1     0     0
6    0.607345     0 0.220339 0.172316
7    0.076271 0.163842 0.172316 0.587571
8    0.09322 0.265537 0.084746 0.556497
9    0.220339 0.231638 0.231638 0.316384
10   0.084746 0.146893 0.033898 0.734463
11       0     0     1     0
12   0.036723 0.00565 0.022599 0.935028
13   0.262712 0.127119 0.172316 0.437853
14   0.087571 0.737288     0 0.175141
15   0.081921 0.367232 0.121469 0.429379
XX
CC  program: tab
CC  matrix.nb: 1
CC  matrix.nb: 1
CC  consensus.strict: agtacattttgttct
CC  consensus.strict.rc: AGAACAAAATGTACT
CC  consensus.IUPAC: rgdacatyttgtwcy
CC  consensus.IUPAC.rc: RGWACAARATGTHCY
CC  consensus.regexp: [ag]g[agt]acat[ct]ttgt[at]c[ct]
CC  consensus.regexp.rc: [AG]G[AT]ACAA[AG]ATGT[ACT]C[CT]
XX
//
AC  Nfkb1_parsed.tab_1
XX
ID  Nfkb1
XX
DE  rggkrmttycccy
P0       A     C     G     T
1    0.279 0.219 0.329 0.174
2    0.028 0.035 0.909 0.029
3    0.004 0.005 0.981  0.01
4    0.015 0.011 0.649 0.325
5    0.386 0.012 0.485 0.118
6    0.303 0.307 0.188 0.202
7    0.172 0.073 0.081 0.674
8    0.059   0.2 0.136 0.606
9    0.085  0.52 0.021 0.375
10    0.18 0.776 0.007 0.037
11   0.011 0.979 0.004 0.006
12   0.069 0.834 0.053 0.045
13    0.15 0.319  0.24 0.292
XX
CC  program: tab
CC  matrix.nb: 1
CC  matrix.nb: 1
CC  consensus.strict: gggggcttccccc
CC  consensus.strict.rc: GGGGGAAGCCCCC
CC  consensus.IUPAC: rggkrmttycccy
CC  consensus.IUPAC.rc: RGGGRAAKYMCCY
CC  consensus.regexp: [ag]gg[gt][ag][ac]tt[ct]ccc[ct]
CC  consensus.regexp.rc: [AG]GGG[AG]AA[GT][CT][AC]CC[CT]
XX
//
AC  PPARg_RXRa_parsed.tab_1
XX
ID  PPARg_RXRa
XX
DE  wstrggkcaaaggtc
P0       A     C     G     T
1    0.567485 0.03681 0.092025 0.303681
2    0.138037 0.266871 0.374233 0.220859
3    0.119632 0.131902 0.193252 0.555215
4    0.45092 0.046012 0.45092 0.052147
5    0.042945 0.015337 0.736196 0.205521
6    0.128834 0.003067 0.791411 0.076687
7    0.09816 0.177914 0.260736 0.46319
8    0.131902 0.509202 0.147239 0.211656
9    0.889571 0.02454 0.070552 0.015337
10   0.622699 0.03681 0.116564 0.223926
11   0.776074 0.030675 0.159509 0.033742
12   0.021472 0.009202 0.935583 0.033742
13   0.003067     0 0.855828 0.141104
14   0.018405 0.030675 0.162577 0.788344
15   0.067485 0.57362 0.138037 0.220859
XX
CC  program: tab
CC  matrix.nb: 1
CC  matrix.nb: 1
CC  consensus.strict: agtaggtcaaaggtc
CC  consensus.strict.rc: GACCTTTGACCTACT
CC  consensus.IUPAC: wstrggkcaaaggtc
CC  consensus.IUPAC.rc: GACCTTTGMCCYASW
CC  consensus.regexp: [at][cg]t[ag]gg[gt]caaaggtc
CC  consensus.regexp.rc: GACCTTTG[AC]CC[CT]A[CG][AT]
XX
//
AC  RARg_parsed.tab_1
XX
ID  RARg
XX
DE  rrggtcaaargkkca
P0       A     C     G     T
1    0.318 0.131 0.354 0.197
2     0.56 0.114 0.286  0.04
3    0.015 0.013 0.938 0.033
4    0.015 0.008 0.846  0.13
5    0.042 0.099 0.082 0.777
6    0.028 0.824 0.087 0.061
7    0.863 0.018 0.098 0.021
8    0.446 0.216 0.145 0.193
9    0.435 0.116 0.242 0.208
10   0.577 0.124 0.252 0.047
11   0.073 0.025 0.869 0.034
12   0.013 0.017  0.68  0.29
13   0.051  0.05  0.28  0.62
14   0.039 0.593  0.14 0.228
15    0.66 0.075 0.153 0.112
XX
CC  program: tab
CC  matrix.nb: 1
CC  matrix.nb: 1
CC  consensus.strict: gaggtcaaaaggtca
CC  consensus.strict.rc: TGACCTTTTGACCTC
CC  consensus.IUPAC: rrggtcaaargkkca
CC  consensus.IUPAC.rc: TGMMCYTTTGACCYY
CC  consensus.regexp: [ag][ag]ggtcaaa[ag]g[gt][gt]ca
CC  consensus.regexp.rc: TG[AC][AC]C[CT]TTTGACC[CT][CT]
XX
//
AC  RFX2_parsed.tab_1
XX
ID  RFX2
XX
DE  bgttrcyatggyray
P0       A     C     G     T
1    0.132 0.291 0.312 0.265
2    0.061 0.001 0.933 0.004
3    0.004  0.02 0.011 0.965
4    0.123 0.115 0.023 0.739
5    0.262 0.025  0.62 0.094
6    0.006 0.765 0.027 0.201
7    0.001 0.742 0.006 0.251
8    0.793 0.041 0.048 0.118
9    0.134 0.054  0.08 0.732
10   0.195 0.011 0.792 0.001
11   0.084 0.025 0.879 0.012
12   0.231 0.301 0.083 0.385
13   0.414 0.043 0.299 0.244
14    0.73 0.101  0.09  0.08
15   0.046 0.666 0.036 0.252
XX
CC  program: tab
CC  matrix.nb: 1
CC  matrix.nb: 1
CC  consensus.strict: ggttgccatggtaac
CC  consensus.strict.rc: GTTACCATGGCAACC
CC  consensus.IUPAC: bgttrcyatggyray
CC  consensus.IUPAC.rc: RTYRCCATRGYAACV
CC  consensus.regexp: [cgt]gtt[ag]c[ct]atgg[ct][ag]a[ct]
CC  consensus.regexp.rc: [AG]T[CT][AG]CCAT[AG]G[CT]AAC[ACG]
XX
//
AC  RXRa_parsed.tab_1
XX
ID  RXRa
XX
DE  rrggtcaaaggtcam
P0       A     C     G     T
1    0.279 0.216 0.387 0.118
2    0.481 0.038 0.457 0.024
3    0.095 0.049 0.759 0.097
4    0.044 0.046 0.676 0.234
5    0.027 0.074 0.179  0.72
6      0.1 0.517 0.177 0.206
7    0.862 0.011 0.066 0.061
8    0.696 0.067 0.162 0.075
9    0.739 0.015 0.236  0.01
10   0.076 0.021 0.869 0.033
11   0.012 0.007 0.771  0.21
12   0.022 0.018 0.228 0.732
13   0.037 0.651 0.098 0.213
14   0.643 0.085 0.219 0.053
15    0.37 0.283 0.121 0.226
XX
CC  program: tab
CC  matrix.nb: 1
CC  matrix.nb: 1
CC  consensus.strict: gaggtcaaaggtcaa
CC  consensus.strict.rc: TTGACCTTTGACCTC
CC  consensus.IUPAC: rrggtcaaaggtcam
CC  consensus.IUPAC.rc: KTGACCTTTGACCYY
CC  consensus.regexp: [ag][ag]ggtcaaaggtca[ac]
CC  consensus.regexp.rc: [GT]TGACCTTTGACC[CT][CT]
XX
//
AC  Smad4_parsed.tab_1
XX
ID  Smad4
XX
DE  ygtctrgm
P0       A     C     G     T
1    0.088235  0.25 0.080882 0.580882
2        0     0     1     0
3        0     0     0     1
4        0     1     0     0
5        0     0     0     1
6    0.595588     0 0.404412     0
7        0     0     1     0
8    0.492647 0.272059 0.125 0.110294
XX
CC  program: tab
CC  matrix.nb: 1
CC  matrix.nb: 1
CC  consensus.strict: tgtctaga
CC  consensus.strict.rc: TCTAGACA
CC  consensus.IUPAC: ygtctrgm
CC  consensus.IUPAC.rc: KCYAGACR
CC  consensus.regexp: [ct]gtct[ag]g[ac]
CC  consensus.regexp.rc: [GT]C[CT]AGAC[AG]
XX
//
AC  SP4_parsed.tab_1
XX
ID  SP4
XX
DE  wrkgggcgkggcy
P0       A     C     G     T
1    0.365 0.181 0.157 0.297
2    0.329 0.132 0.411 0.128
3    0.174 0.007 0.387 0.432
4    0.192 0.001 0.806 0.001
5    0.001 0.001 0.996 0.001
6    0.001 0.001 0.996 0.001
7    0.069 0.873 0.003 0.055
8    0.003 0.002 0.993 0.002
9    0.001 0.002 0.468 0.529
10   0.182 0.021 0.648 0.149
11   0.188 0.149 0.446 0.217
12   0.095 0.711 0.019 0.174
13   0.222 0.356 0.092  0.33
XX
CC  program: tab
CC  matrix.nb: 1
CC  matrix.nb: 1
CC  consensus.strict: agtgggcgtggcc
CC  consensus.strict.rc: GGCCACGCCCACT
CC  consensus.IUPAC: wrkgggcgkggcy
CC  consensus.IUPAC.rc: RGCCMCGCCCMYW
CC  consensus.regexp: [at][ag][gt]gggcg[gt]ggc[ct]
CC  consensus.regexp.rc: [AG]GCC[AC]CGCCC[AC][CT][AT]
XX
//
AC  TFE3_parsed.tab_1
XX
ID  TFE3
XX
DE  cacgtgay
P0       A     C     G     T
1    0.00713 0.99287     0     0
2    0.71836 0.055258 0.052585 0.173797
3        0 0.823529     0 0.176471
4    0.130125 0.033868 0.836007     0
5    0.001783     0 0.008913 0.989305
6        0     0     1     0
7    0.90107 0.040107 0.040107 0.018717
8    0.006239 0.567736 0.039216 0.386809
XX
CC  program: tab
CC  matrix.nb: 1
CC  matrix.nb: 1
CC  consensus.strict: cacgtgac
CC  consensus.strict.rc: GTCACGTG
CC  consensus.IUPAC: cacgtgay
CC  consensus.IUPAC.rc: RTCACGTG
CC  consensus.regexp: cacgtga[ct]
CC  consensus.regexp.rc: [AG]TCACGTG
XX
//
AC  ZEB1_parsed.tab_1
XX
ID  ZEB1
XX
DE  wyacctgk
P0       A     C     G     T
1    0.306 0.154 0.202 0.338
2    0.001 0.504 0.001 0.495
3    0.999     0     0     0
4        0 0.999     0     0
5        0 0.999     0     0
6        0     0 0.001 0.999
7    0.054 0.001 0.814 0.131
8    0.181 0.199 0.256 0.365
XX
CC  program: tab
CC  matrix.nb: 1
CC  matrix.nb: 1
CC  consensus.strict: tcacctgt
CC  consensus.strict.rc: ACAGGTGA
CC  consensus.IUPAC: wyacctgk
CC  consensus.IUPAC.rc: MCAGGTRW
CC  consensus.regexp: [at][ct]acctg[gt]
CC  consensus.regexp.rc: [AC]CAGGT[AG][AT]
XX
//
